# This file was produced by samtools stats (1.11+htslib-1.11) and can be plotted using plot-bamstats
# This file contains statistics for all reads.
# The command line was:  stats -d results/06_bqsr/bam/APOE_3M_6.FCHJKY5BBXX_L1_IGGCTAC.bam
# CHK, Checksum	[2]Read Names	[3]Sequences	[4]Qualities
# CHK, CRC32 of reads which passed filtering followed by addition (32bit overflow)
CHK	e25652cc	e1fe2e34	507fb6ec
# Summary Numbers. Use `grep ^SN | cut -f 2-` to extract this part.
SN	raw total sequences:	114532428
SN	filtered sequences:	35471924
SN	sequences:	79060504
SN	is sorted:	1
SN	1st fragments:	39530252
SN	last fragments:	39530252
SN	reads mapped:	79060504
SN	reads mapped and paired:	79060504	# paired-end technology bit set + both mates mapped
SN	reads unmapped:	0
SN	reads properly paired:	79060504	# proper-pair bit set
SN	reads paired:	79060504	# paired-end technology bit set
SN	reads duplicated:	0	# PCR or optical duplicate bit set
SN	reads MQ0:	305034	# mapped and MQ=0
SN	reads QC failed:	0
SN	non-primary alignments:	11776558
SN	total length:	4030295153	# ignores clipping
SN	total first fragment length:	2015148991	# ignores clipping
SN	total last fragment length:	2015146162	# ignores clipping
SN	bases mapped:	4030295153	# ignores clipping
SN	bases mapped (cigar):	4015368407	# more accurate
SN	bases trimmed:	0
SN	bases duplicated:	0
SN	mismatches:	0	# from NM fields
SN	error rate:	0.000000e+00	# mismatches / bases mapped (cigar)
SN	average length:	50
SN	average first fragment length:	51
SN	average last fragment length:	51
SN	maximum length:	51
SN	maximum first fragment length:	51
SN	maximum last fragment length:	51
SN	average quality:	35.5
SN	insert size average:	1525.9
SN	insert size standard deviation:	2385.0
SN	inward oriented pairs:	44892518
SN	outward oriented pairs:	20788
SN	pairs with other orientation:	0
SN	pairs on different chromosomes:	0
SN	percentage of properly paired reads (%):	100.0
# First Fragment Qualities. Use `grep ^FFQ | cut -f 2-` to extract this part.
# Columns correspond to qualities and rows to cycles. First column is the cycle number.
FFQ	1	0	0	131643	0	0	0	0	0	0	0	0	0	0	0	0	0	0	0	0	0	0	0	0	0	0	0	0	0	465718	0	0	0	0	0	0	0	795986	1	0	0	0	0	0	0	0	0	0	0	0	38136904	0	0	0	0
FFQ	2	0	0	23962	0	0	0	0	0	0	0	0	0	0	0	0	0	0	0	0	0	0	14450	0	25730	48792	40212	31766	25570	175640	95862	118502	68706	0	0	114962	48278	45456	120967	181498	115703	211347	2288927	8	27	1593037	16	452350	9894580	971976	5624856	2847440	8642677	5706955	0
FFQ	3	0	0	0	0	0	0	0	0	0	0	0	0	0	1133724	0	11945	261589	89019	180005	3258994	2269604	333843	7332025	811576	6377537	1320704	6655695	5510410	1836650	2146932	0	0	0	0	0	0	0	0	0	0	0	0	0	0	0	0	0	0	0	0	0	0	0	0
FFQ	4	0	0	0	0	0	0	0	0	0	0	0	0	0	14875	1457927	18429	154914	68285	34947	309801	3613352	2478964	859000	5527445	391910	5594793	545866	5149245	7349145	3048316	2913038	0	0	0	0	0	0	0	0	0	0	0	0	0	0	0	0	0	0	0	0	0	0	0
FFQ	5	0	0	32	0	0	0	0	0	0	0	0	0	0	7758	0	14007	1136918	98161	21473	50796	251642	43665	3276182	2314942	112728	6013203	476168	4984629	281737	4797756	9012620	3163576	3472259	0	0	0	0	0	0	0	0	0	0	0	0	0	0	0	0	0	0	0	0	0
FFQ	6	0	0	0	0	0	0	0	0	0	0	0	0	4116	0	9588	16304	43539	23658	103941	166215	38057	72306	98958	685104	344625	499816	1419741	8515180	16964327	8028266	262696	555475	803230	496550	378560	0	0	0	0	0	0	0	0	0	0	0	0	0	0	0	0	0	0	0
FFQ	7	0	0	0	0	0	0	0	0	0	0	0	0	3086	0	8902	25308	44580	20974	20828	91838	40472	44497	1928	62095	89416	3023	12524	198798	21716	918188	474241	143631	1922353	10159652	17569810	5934565	512415	820495	210074	174843	0	0	0	0	0	0	0	0	0	0	0	0	0	0
FFQ	8	0	0	0	0	0	0	0	0	0	0	0	0	0	3016	0	8588	18670	45550	37991	25747	62777	29379	36889	62226	29823	67167	4722	150235	76280	891229	466141	225590	2922114	9515944	15195392	8182913	702045	504819	167650	97355	0	0	0	0	0	0	0	0	0	0	0	0	0	0
FFQ	9	0	0	905	0	0	0	0	0	0	0	0	0	4311	0	8880	23162	33950	26045	23194	76150	32298	36772	9326	3748	128004	49708	4535	69778	133377	23416	1280960	540371	145276	2206564	9764243	15849371	7680736	498643	569264	170218	137047	0	0	0	0	0	0	0	0	0	0	0	0	0
FFQ	10	0	0	0	0	0	0	0	0	0	0	0	0	3688	0	6184	16145	32992	30409	26318	82304	19880	25924	12139	3788	69402	74314	7943	21053	173995	21024	1051775	452727	192953	3011679	8037426	14696016	9893167	535392	598912	267487	165216	0	0	0	0	0	0	0	0	0	0	0	0	0
FFQ	11	0	0	0	0	0	0	0	0	0	0	0	0	0	3713	0	11402	23939	25652	22536	30395	78261	23540	18692	7848	68330	60637	19540	5661	121822	59612	1094795	541029	147051	1830412	7929092	16866052	8993553	485148	656902	178587	226051	0	0	0	0	0	0	0	0	0	0	0	0	0
FFQ	12	0	0	0	0	0	0	0	0	0	0	0	0	4403	0	10561	24340	30935	18209	19712	72456	33363	28898	0	14815	89243	75899	26215	5781	139792	72862	270277	1704899	126901	855809	1081960	10612216	15641140	7657630	574278	200089	137569	0	0	0	0	0	0	0	0	0	0	0	0	0
FFQ	13	0	0	2516	0	0	0	0	0	0	0	0	0	4013	0	9238	21221	37843	25264	23172	80508	28743	31471	0	23762	75861	42219	57565	10544	118124	110313	220245	1445459	141879	929754	1566906	9935072	15192097	8487618	562344	208503	137998	0	0	0	0	0	0	0	0	0	0	0	0	0
FFQ	14	0	0	766	0	0	0	0	0	0	0	0	0	3540	0	8390	19927	37142	26189	24388	77746	29337	28254	0	23595	66267	37716	56158	10517	119618	108015	219781	1325411	150904	887506	1673568	9777295	15331818	8542378	571680	207780	164566	0	0	0	0	0	0	0	0	0	0	0	0	0
FFQ	15	0	0	0	0	0	0	0	0	0	0	0	0	3816	0	8907	21060	35821	26042	24544	80008	27884	26705	0	22031	5129	136179	24500	10520	163768	77536	82980	531573	1213677	217972	799627	1606254	9694560	15223540	8524278	570547	209071	161723	0	0	0	0	0	0	0	0	0	0	0	0
FFQ	16	0	0	0	0	0	0	0	0	0	0	0	0	3817	0	9337	21748	33067	24942	24189	78730	27445	26482	0	19687	5328	107847	58245	10154	103986	115350	76944	495688	1224567	267670	778231	1606708	9623746	15151538	8686090	581087	209965	157664	0	0	0	0	0	0	0	0	0	0	0	0
FFQ	17	0	0	290	0	0	0	0	0	0	0	0	0	3856	0	9873	23387	33718	26846	24522	82775	28277	26960	0	19599	5494	108062	62772	10835	101836	122108	79763	504073	1222225	270281	779621	1624668	9545863	15136600	8709082	581836	223684	161346	0	0	0	0	0	0	0	0	0	0	0	0
FFQ	18	0	0	0	0	0	0	0	0	0	0	0	0	3793	0	9674	22685	34134	26098	24042	84806	28478	27147	0	20179	5956	79479	98011	10634	35236	194667	40196	293254	1384399	192671	759611	1621931	9536871	15423336	8587003	589477	228382	168102	0	0	0	0	0	0	0	0	0	0	0	0
FFQ	19	0	0	0	0	0	0	0	0	0	0	0	0	3861	0	10049	23470	33574	25891	24428	82073	28530	27647	0	20441	6682	105449	81275	10265	90736	141995	82021	472481	1218376	271500	763733	1604349	9498089	15309699	8627580	590657	213451	161950	0	0	0	0	0	0	0	0	0	0	0	0
FFQ	20	0	0	1170	0	0	0	0	0	0	0	0	0	3975	0	9916	22803	34632	26306	25862	84218	29223	28699	0	20789	7325	82045	112007	10837	39635	201322	45008	299578	1377212	210511	761628	1626703	9493626	15345599	8659796	585398	221568	162861	0	0	0	0	0	0	0	0	0	0	0	0
FFQ	21	0	0	0	0	0	0	0	0	0	0	0	0	3822	0	10402	23805	34055	27279	24128	85615	28863	28097	0	21342	7234	106272	94547	10789	89097	159583	81959	464405	345613	1170139	768962	216753	1851345	9023664	15807521	8650884	226266	167811	0	0	0	0	0	0	0	0	0	0	0	0
FFQ	22	0	0	0	0	0	0	0	0	0	0	0	4026	0	10113	23805	35647	27395	25820	85002	29383	28807	0	21748	31012	17187	101438	120147	41476	104976	306596	155600	318102	451129	1126015	741152	102414	1762849	8974515	15742026	8755380	219715	166777	0	0	0	0	0	0	0	0	0	0	0	0
FFQ	23	0	0	0	0	7856	0	13758	29083	37449	36016	33113	103199	54647	53498	8302	65494	35584	47366	245391	131134	141967	329866	117458	138837	87697	28567	37404	287359	278692	47534	696746	894752	369723	0	1850780	9546998	15462823	8311159	0	0	0	0	0	0	0	0	0	0	0	0	0	0	0	0
FFQ	24	0	0	0	0	0	0	0	0	0	0	0	0	4154	0	10742	24294	36348	28453	25485	89514	30615	29636	0	22729	10708	88023	128142	11336	44916	220444	52680	306321	501209	1119114	778359	242922	1864872	9012410	15747839	8693943	231563	173481	0	0	0	0	0	0	0	0	0	0	0	0
FFQ	25	0	0	0	0	0	0	0	0	0	0	0	4289	0	10858	25400	37117	28736	27206	91062	30245	29418	0	22512	8085	18173	105601	97595	43684	73638	159858	100254	238002	534680	1078228	775669	234015	1870774	9022990	15743388	8714160	228718	175897	0	0	0	0	0	0	0	0	0	0	0	0
FFQ	26	0	0	0	0	0	0	0	0	0	0	5775	0	13811	32232	45500	35186	33058	112117	37193	36078	0	0	21189	7699	17205	125460	69659	40860	117694	106224	129141	393411	373550	1141584	770675	213229	1844085	8950640	15713824	8752925	221103	169145	0	0	0	0	0	0	0	0	0	0	0	0
FFQ	27	0	0	0	0	0	0	0	0	0	0	5937	0	14722	35101	48940	38169	35003	115797	38022	37015	0	0	22768	8464	18725	128634	73164	44762	121242	112131	135458	396650	385426	1136333	775506	218163	1828632	8937271	15803927	8615622	225429	173239	0	0	0	0	0	0	0	0	0	0	0	0
FFQ	28	0	0	7	0	0	0	0	0	0	6350	0	14475	34955	49791	37420	37242	113914	37571	37281	0	0	0	22968	8893	18863	194677	10883	45360	210442	50928	142942	491584	381336	1059177	822845	114104	1844578	8949656	15714488	8693827	217701	165994	0	0	0	0	0	0	0	0	0	0	0	0
FFQ	29	0	0	0	0	0	0	0	0	7172	0	15441	36498	51538	39196	39036	117819	38297	38448	22367	9227	19766	39345	73164	46117	167043	113201	101087	86396	168388	161160	414722	317888	1021756	734206	114825	1841772	8937059	15678925	8693098	220528	164767	0	0	0	0	0	0	0	0	0	0	0	0	0
FFQ	30	0	0	0	0	0	0	0	0	0	6386	0	15339	36712	50831	39332	36353	121007	39542	39035	0	0	0	23173	9302	20135	194693	11496	46893	219012	52115	144755	501692	383014	1068695	845312	117035	1837298	8920586	15719516	8632433	228010	170550	0	0	0	0	0	0	0	0	0	0	0	0
FFQ	31	0	0	0	0	0	0	0	0	0	6480	0	15031	36251	51585	39495	37437	119086	40011	39882	0	0	0	23777	9138	19623	196302	11840	46947	218219	51960	147604	501362	389105	1059493	846834	116196	1846159	8893169	15689681	8675924	228331	173330	0	0	0	0	0	0	0	0	0	0	0	0
FFQ	32	0	0	0	0	0	0	0	0	0	6379	0	15341	37142	51900	39901	36837	121172	40143	39973	0	0	0	23989	8723	19522	196010	11770	47189	219089	51145	145741	500267	386499	1058290	848176	117178	1861680	8882015	15634972	8728643	227156	173410	0	0	0	0	0	0	0	0	0	0	0	0
FFQ	33	0	0	123	0	0	0	0	0	0	6389	0	15272	37392	53829	39684	37999	118425	41223	40716	0	0	0	24267	8982	19844	196861	11761	47309	217094	51546	147875	499082	1269708	169935	852803	1493949	9352555	15252193	8514126	607466	227740	174104	0	0	0	0	0	0	0	0	0	0	0	0
FFQ	34	0	0	0	0	0	0	0	0	0	6616	0	15609	37920	52480	40487	38931	119169	40069	39129	0	0	23460	8897	20048	41309	166067	48062	74374	164193	103286	73110	538970	1238243	168760	838604	1498662	9377222	15166558	8590465	605308	225202	169042	0	0	0	0	0	0	0	0	0	0	0	0
FFQ	35	0	0	601	0	0	0	0	0	0	6614	0	16328	39527	52731	41331	38095	122700	41316	40403	0	0	23222	9062	20491	41795	166234	47365	76393	164237	104142	72609	545266	1243771	171529	852814	1494599	9376003	15119845	8596201	607857	226666	170505	0	0	0	0	0	0	0	0	0	0	0	0
FFQ	36	0	0	0	0	0	0	0	0	0	6873	0	15570	37770	54153	39824	39017	120068	40693	40293	0	0	23974	9225	19376	110599	98651	48008	74445	163004	103862	240519	536033	1072533	788044	232909	1869354	9016948	15701057	8629660	225898	170303	0	0	0	0	0	0	0	0	0	0	0	0	0
FFQ	37	0	0	0	0	0	0	0	0	0	6767	0	16364	39825	53786	41482	39004	122059	41501	40714	0	0	23514	9107	20342	41716	166736	48120	76507	165647	105254	73683	546387	1236807	171154	848777	1495674	9375015	15158887	8555059	608256	227656	171131	0	0	0	0	0	0	0	0	0	0	0	0
FFQ	38	0	0	44	0	0	0	0	0	0	6716	0	16072	39180	53735	40847	39129	122099	41039	41306	0	0	23220	8976	20112	110516	97629	47901	75524	163070	103596	239847	538714	1073964	784803	232716	1876286	9008384	15591763	8730346	226932	170766	0	0	0	0	0	0	0	0	0	0	0	0	0
FFQ	39	0	0	0	0	0	0	0	0	0	7208	0	16441	40593	55663	42730	40159	127050	42675	41759	0	0	24558	9207	20591	64898	144795	48577	127177	117502	141467	243982	404741	1300347	181891	851276	1474787	9261468	15194402	8477091	611395	233653	175271	0	0	0	0	0	0	0	0	0	0	0	0
FFQ	40	0	0	0	0	0	0	0	0	0	7137	0	16629	40122	55931	42610	40740	125887	42540	42558	0	0	24385	9210	20197	199218	12274	48968	223329	53187	149483	507030	395567	1057838	862952	117430	1859189	8876526	15606622	8681022	228018	174551	0	0	0	0	0	0	0	0	0	0	0	0	0
FFQ	41	0	0	510	0	0	0	0	0	0	7081	0	17255	42153	55331	43467	39560	128955	42174	42862	0	0	24335	9120	20989	111355	100015	48672	79234	169090	106953	240691	551423	1072110	806294	235438	1874927	8981249	15571733	8686210	233101	175373	0	0	0	0	0	0	0	0	0	0	0	0	0
FFQ	42	0	0	0	0	0	0	0	0	0	7159	0	17086	41939	55431	44327	40045	132013	41719	42048	0	0	24522	9262	20479	200284	12444	48778	228071	54143	149599	511550	393883	1053679	871893	120101	1849949	8870652	15656397	8598777	235205	179996	0	0	0	0	0	0	0	0	0	0	0	0	0
FFQ	43	0	0	306	0	0	0	0	0	0	7353	0	17715	43343	55809	46280	41046	135996	42256	41433	0	0	24003	9323	21011	201255	13025	49542	231474	55210	150484	513453	400291	1053007	867091	119825	1856272	8861612	15577670	8654481	233642	179099	0	0	0	0	0	0	0	0	0	0	0	0	0
FFQ	44	0	0	0	0	0	0	0	0	0	7307	0	17268	42379	56764	45030	41273	135814	42958	43652	0	0	24400	9646	20902	202585	12638	49326	232206	55844	152183	513823	400398	1058151	876954	120486	1855951	8866363	15505132	8675708	236336	179476	0	0	0	0	0	0	0	0	0	0	0	0	0
FFQ	45	0	0	1359	0	0	0	0	0	0	7527	0	18229	44276	55753	47127	41140	139056	42744	42424	0	24895	9394	21700	44414	170750	49865	82923	174657	109626	74935	552159	359197	1055686	874416	119131	1851549	8860595	15592810	8587188	238780	181086	0	0	0	0	0	0	0	0	0	0	0	0	0
FFQ	46	0	0	0	0	0	0	0	0	0	7623	0	18139	44425	57918	47142	41661	138671	43445	44010	0	0	24883	9492	21275	203736	13099	49894	236697	57354	151849	514728	405712	1057593	881014	120305	1853466	8845281	15509756	8643030	236357	180924	0	0	0	0	0	0	0	0	0	0	0	0	0
FFQ	47	0	0	0	0	0	0	0	0	0	7453	0	18290	44175	57655	47320	41263	141920	43780	44906	0	0	25017	9593	21703	203223	13106	49214	237081	57318	152907	514675	403338	1059448	885028	121868	1848981	8835546	15428820	8672063	239838	180750	0	0	0	0	0	0	0	0	0	0	0	0	0
FFQ	48	0	0	347	0	0	0	0	0	0	7684	0	19101	45696	58098	49122	42346	146371	43068	44249	0	0	25009	9543	22237	115651	102683	50660	86878	178505	111619	243855	557843	198511	1698271	242347	508207	1464002	9294964	15677877	8175870	184198	0	0	0	0	0	0	0	0	0	0	0	0	0
FFQ	49	0	0	0	0	0	0	0	0	0	7899	0	18615	46659	58380	49943	43586	146745	43862	44764	0	0	0	24715	9695	22090	206587	13934	50449	243897	58195	154820	529465	412452	1050501	891069	123345	1855274	8836191	15465468	8569232	241663	183843	0	0	0	0	0	0	0	0	0	0	0	0
FFQ	50	0	0	31	0	0	0	0	0	0	0	0	0	0	0	0	0	0	0	0	0	0	0	0	0	0	0	8011	0	44018	56345	172282	163905	57201	355283	166094	148739	443630	370754	387945	251676	772434	113686	383673	0	486826	1520627	239560	181381	1360831	8827553	14888496	8000892	0	0
FFQ	51	0	0	0	0	0	0	0	0	0	0	0	0	0	0	0	0	0	0	0	0	0	0	0	0	0	0	20391	0	60171	86289	137390	291882	102113	354692	319928	197125	384236	434141	583981	247740	1062764	139847	455380	0	558148	1608349	306809	182831	1318034	8604081	14388865	7555131	0	0
# Last Fragment Qualities. Use `grep ^LFQ | cut -f 2-` to extract this part.
# Columns correspond to qualities and rows to cycles. First column is the cycle number.
LFQ	1	0	0	550118	0	0	0	0	0	0	0	0	0	0	0	0	0	0	0	0	0	0	0	0	0	0	0	1674559	0	0	0	0	0	0	0	0	0	18	1855120	0	0	0	0	0	0	0	0	0	0	35450437	0	0	0	0	0
LFQ	2	0	0	11895	0	0	0	0	0	0	0	0	0	0	0	0	0	0	38385	0	58926	109448	102129	77180	89513	302327	146263	188272	29	0	0	91964	0	0	150123	63958	93986	145885	254664	133466	248478	2230378	174	39	1555387	0	432892	9504981	941304	5849226	2766761	8400196	5542023	0	0
LFQ	3	0	0	0	0	0	0	0	0	0	40611	0	50801	111208	274852	1084828	608736	237388	298589	1193224	4	2482349	3938980	1189791	6805021	1808607	5326008	856787	4985638	4250032	1845367	2141431	0	0	0	0	0	0	0	0	0	0	0	0	0	0	0	0	0	0	0	0	0	0	0
LFQ	4	0	0	3659	0	0	0	0	0	29353	0	66287	125150	175697	109899	1515036	431441	217278	108262	130234	306633	3465751	2483484	1074372	4931920	736404	5598260	670468	5116240	6778268	2748068	2708088	0	0	0	0	0	0	0	0	0	0	0	0	0	0	0	0	0	0	0	0	0	0	0
LFQ	5	0	0	729	0	0	0	0	20976	0	38217	70132	131488	70016	114061	401944	93514	1169685	72697	71198	4212	141870	109716	3271558	2405472	324767	5902529	625417	4990416	369381	4488876	8542548	2863615	3235218	0	0	0	0	0	0	0	0	0	0	0	0	0	0	0	0	0	0	0	0	0
LFQ	6	0	0	1322	0	0	0	0	14634	0	41769	66819	132259	79238	89529	398878	88692	77500	11690	198955	7327	12052	234079	51100	850229	970274	475823	1480606	8404713	15223966	7480341	0	720401	1142636	687054	588366	0	0	0	0	0	0	0	0	0	0	0	0	0	0	0	0	0	0	0
LFQ	7	0	0	7	0	0	0	0	14821	0	34314	91679	156442	73789	78820	317188	115785	119948	0	48435	63808	55205	53036	160318	249605	128395	254838	553839	158808	655249	1075605	328777	1655742	721464	9298723	15295170	5999363	1165269	320328	285482	0	0	0	0	0	0	0	0	0	0	0	0	0	0	0
LFQ	8	0	0	29	0	0	0	0	14784	0	32234	66826	167747	130748	93563	223932	82133	87346	0	59476	74845	56387	40912	172255	275738	115977	179642	589488	248668	552557	1057471	210450	1205330	1736151	9219578	13443752	8335111	680518	231772	144832	0	0	0	0	0	0	0	0	0	0	0	0	0	0	0
LFQ	9	0	0	0	0	0	0	20726	0	33283	80653	131688	89776	91335	260722	92766	117552	0	44016	12698	120791	52953	111114	257248	131961	116643	573161	238190	536621	525529	1241627	1235030	8	1608074	8909781	14706558	7749166	237959	202623	0	0	0	0	0	0	0	0	0	0	0	0	0	0	0	0
LFQ	10	0	0	6	0	22821	0	28506	66792	133207	121792	102875	356946	62684	88186	209360	10570	64731	539691	183153	314984	524620	395200	341887	240560	208384	0	767261	0	1231030	0	684538	2899821	7618677	13275463	9036507	0	0	0	0	0	0	0	0	0	0	0	0	0	0	0	0	0	0	0
LFQ	11	0	0	0	0	0	0	15793	0	43621	90653	107754	81701	111972	261430	67620	59344	27386	10530	30580	138044	18279	135403	260214	75952	240851	491998	250435	457418	535015	232867	1561611	4	526914	1108988	7795249	15985433	8492816	314377	0	0	0	0	0	0	0	0	0	0	0	0	0	0	0	0
LFQ	12	0	0	2443	0	0	23401	0	45289	94376	132150	74063	84684	262106	101010	150743	0	79261	103403	30197	208185	554498	200198	435415	356376	390019	273845	296360	246271	0	876291	1059294	446403	0	1304819	10099300	14642298	6957554	0	0	0	0	0	0	0	0	0	0	0	0	0	0	0	0	0
LFQ	13	0	0	0	0	0	22942	0	38496	81513	147621	93974	100910	270761	127783	99088	0	227729	14266	87689	582202	154721	335876	446659	385460	355961	298221	258681	0	898400	890404	474473	0	1851602	9379433	14233192	7672195	0	0	0	0	0	0	0	0	0	0	0	0	0	0	0	0	0	0
LFQ	14	0	0	0	0	0	0	16888	0	33128	75784	144836	95720	99471	259837	81652	86266	0	47373	15106	31004	152508	59180	79217	316364	164868	168133	225272	521772	153555	510618	380194	979639	1024839	0	1834956	8517807	14697339	8246761	279376	230789	0	0	0	0	0	0	0	0	0	0	0	0	0	0
LFQ	15	0	0	0	0	0	0	16931	0	33567	75284	137371	91866	95498	253137	77055	80662	0	44426	17201	35035	192950	21653	83903	406726	78341	219791	456765	319819	231334	506311	352539	138347	1646139	0	469923	1345907	9156259	14936987	7785250	223275	0	0	0	0	0	0	0	0	0	0	0	0	0	0
LFQ	16	0	0	0	0	0	20450	0	37704	83074	139876	96440	105442	301679	79517	86055	108403	18557	86508	343666	178523	346672	300027	195644	400221	41511	319532	391358	193506	875822	146685	1331918	0	584651	2060027	8729081	14270511	7657192	0	0	0	0	0	0	0	0	0	0	0	0	0	0	0	0	0
LFQ	17	0	0	0	0	0	0	0	17544	0	35644	78576	132795	90246	96598	257550	79024	84556	0	40285	20627	39533	170782	52394	169992	273063	149532	181971	246715	524744	349127	506662	165060	1799478	131871	470320	1319392	8995124	14856010	7975607	219430	0	0	0	0	0	0	0	0	0	0	0	0	0	0
LFQ	18	0	0	131	0	0	0	0	16642	0	35805	78649	129568	87367	94763	255862	79266	82276	0	39698	17902	38272	164357	50645	166615	263276	147939	179000	244179	513766	352087	496705	164950	1772898	129928	471362	1317805	8983282	15056410	7878016	220831	0	0	0	0	0	0	0	0	0	0	0	0	0	0
LFQ	19	0	0	0	0	0	0	17395	0	39180	86861	129104	91554	95623	259835	80598	84903	0	40239	17941	39695	168431	50385	86836	350584	150558	181627	247757	520838	142111	517647	370180	148416	1767802	11	469534	1298265	8947514	14991982	7911915	224931	0	0	0	0	0	0	0	0	0	0	0	0	0	0
LFQ	20	0	0	244	0	0	0	0	16745	0	37022	80686	126488	88154	94510	258462	78673	82063	39631	17695	38123	73313	113698	115408	213731	181669	230962	53887	304763	460381	349885	505115	166821	1778521	133759	477844	1308862	8969777	14973422	7937093	222845	0	0	0	0	0	0	0	0	0	0	0	0	0	0
LFQ	21	0	0	0	0	0	0	0	17722	0	36620	80538	129938	88606	98969	257765	79202	82396	0	40129	18140	38090	166184	51646	169474	267731	150396	182710	246866	521212	356057	506947	169258	1791925	133643	471299	1303552	8963398	15077473	7806234	226132	0	0	0	0	0	0	0	0	0	0	0	0	0	0
LFQ	22	0	0	83	0	0	0	0	17302	0	36616	80600	127179	88535	98046	258013	77688	82312	0	39773	17981	38003	165404	51596	169098	265681	149236	181085	245654	520656	352253	503185	167661	940293	962902	478713	0	1897632	9132502	14550462	7834108	0	0	0	0	0	0	0	0	0	0	0	0	0	0
LFQ	23	0	0	1015	0	0	0	0	17146	0	39692	86692	128398	90602	96392	255119	78478	82889	40358	18310	39530	74228	114130	117130	213198	181359	234249	55170	307045	462012	352043	505496	168752	1785949	134020	478734	1304749	8925871	14998316	7911600	231580	0	0	0	0	0	0	0	0	0	0	0	0	0	0
LFQ	24	0	0	6	0	0	0	0	17745	0	38998	83939	133612	91991	99348	261586	81138	84393	41238	18291	39469	73279	116940	118577	213886	181046	239096	55901	310664	462976	356190	509951	169677	1811015	135426	478009	1301244	8866580	15048145	7856112	233784	0	0	0	0	0	0	0	0	0	0	0	0	0	0
LFQ	25	0	0	1149	0	0	0	18472	0	37912	83475	132424	90224	99451	259407	80398	85914	41332	18309	38973	73315	116576	87213	159972	265733	171608	121262	259562	244518	332487	438507	360918	168568	1791818	133249	486092	1300141	8878564	15067924	7855730	229055	0	0	0	0	0	0	0	0	0	0	0	0	0	0
LFQ	26	0	0	0	0	0	0	0	18404	0	38874	84488	132907	90379	101205	269029	82661	86335	40798	18776	39615	170636	21131	118577	359164	89506	253570	203489	310945	340057	441620	363649	172780	986289	978504	484180	0	1874199	9046832	14480116	7831537	0	0	0	0	0	0	0	0	0	0	0	0	0	0
LFQ	27	0	0	0	0	25753	0	44301	94309	143812	103683	116512	330796	105843	132748	178334	22121	123594	279357	178931	258776	208792	315950	341284	229331	384963	374327	156565	967492	0	494532	0	1431541	794612	292167	1516799	8223407	14228450	7431170	0	0	0	0	0	0	0	0	0	0	0	0	0	0	0	0
LFQ	28	0	0	109	0	0	0	0	19224	0	38811	86907	133722	90661	105742	262282	81057	87146	0	41816	21268	42736	178151	53659	181815	277553	160642	190430	257679	548094	372577	533394	172536	1832400	136473	503448	1277810	8846630	14955606	7803205	236669	0	0	0	0	0	0	0	0	0	0	0	0	0	0
LFQ	29	0	0	0	0	0	22673	0	45882	97673	135657	103851	109792	280431	124143	109680	43846	178630	21648	91906	402659	93329	187782	274854	267859	119220	654106	288378	164802	1012462	156904	1483500	0	611593	2078826	8530641	14314649	7522876	0	0	0	0	0	0	0	0	0	0	0	0	0	0	0	0	0
LFQ	30	0	0	1579	0	0	0	19331	0	41080	90064	132896	94539	100952	267160	82742	88214	0	41555	21831	43090	181173	21145	124952	374382	94085	258116	211126	321478	347300	460871	375137	172307	1828754	137283	501265	1289725	8834045	14993881	7745017	233177	0	0	0	0	0	0	0	0	0	0	0	0	0	0
LFQ	31	0	0	1845	0	0	0	0	18717	0	44636	98037	132692	98991	101358	272799	83844	89784	0	41588	19162	43086	181753	53779	179892	285547	162103	189461	262987	549780	373373	538831	174835	1842611	140195	507692	1284878	8811972	14900335	7801669	242020	0	0	0	0	0	0	0	0	0	0	0	0	0	0
LFQ	32	0	0	27	0	0	0	0	18671	0	42345	92443	136724	96914	101436	276470	86960	94019	0	42849	19611	40871	79270	121792	123318	226146	191013	251039	57047	323751	485770	374538	541146	1000556	1017968	142698	1802406	8173320	14675304	8350806	302288	240736	0	0	0	0	0	0	0	0	0	0	0	0	0
LFQ	33	0	0	179	0	0	0	0	18847	0	42798	93287	134941	96059	103024	273833	85225	90846	0	42639	19468	41565	78890	121114	123498	223226	191912	250025	57008	320296	482997	378504	533296	998997	997486	138753	1809091	8198395	14791570	8259546	296516	236421	0	0	0	0	0	0	0	0	0	0	0	0	0
LFQ	34	0	0	0	0	0	0	0	19168	0	45822	100596	135632	100415	103662	272051	85025	91490	0	41881	19610	43570	181692	21612	212366	285559	94285	259923	210145	323428	580661	450836	169747	1846139	158660	649217	1290993	8802716	14860574	7833211	239566	0	0	0	0	0	0	0	0	0	0	0	0	0	0
LFQ	35	0	0	0	0	0	0	0	18875	0	47000	102556	131944	102414	103750	274939	81943	87629	0	40729	19853	43852	182317	54697	183999	287996	162482	190428	262000	556649	377377	540257	177909	1825869	140966	510481	1287610	8824146	14835459	7832261	241865	0	0	0	0	0	0	0	0	0	0	0	0	0	0
LFQ	36	0	0	14	0	0	22031	0	46156	99606	137942	104906	113006	284267	84735	130665	21210	43887	182429	22184	94297	411023	95606	194194	280908	275540	122702	671781	291607	168610	1029186	976211	647030	0	1900883	9018104	14402401	7655538	0	0	0	0	0	0	0	0	0	0	0	0	0	0	0	0	0
LFQ	37	0	0	0	0	0	0	0	19350	0	43815	97267	132078	100283	104440	281154	82703	88171	0	40514	21677	43681	84999	121641	126526	230606	202329	248843	58599	331125	499749	380172	545561	999632	1001700	140654	1793543	8205912	14659055	8291851	305810	243492	0	0	0	0	0	0	0	0	0	0	0	0	0
LFQ	38	0	0	0	0	0	0	0	19610	0	43519	96009	134635	98333	104737	280961	85214	91974	0	41025	20221	42220	80897	120185	124007	229729	195563	250986	58889	324145	492603	381479	543424	998418	1013218	142667	1806549	8201770	14609567	8345624	304010	243024	0	0	0	0	0	0	0	0	0	0	0	0	0
LFQ	39	0	0	1359	0	0	0	0	19763	0	47048	103176	134678	103557	104377	286563	86501	91906	0	42323	19998	43931	84041	122601	125929	229552	200677	255926	58934	334965	491999	382381	547393	1004719	1028026	143205	1789208	8181716	14656371	8233172	316481	250805	0	0	0	0	0	0	0	0	0	0	0	0	0
LFQ	40	0	0	155	0	0	0	0	19642	0	46357	101679	135912	102105	105523	282284	86142	91979	0	42274	20111	43697	84301	122261	124755	228688	201428	255927	60369	327121	489669	383580	546626	997413	1021324	142891	1809358	8172389	14641724	8294278	298393	240723	0	0	0	0	0	0	0	0	0	0	0	0	0
LFQ	41	0	0	101	0	0	0	22678	0	49455	107150	140272	108643	115757	298613	130364	117348	45284	187852	23043	219050	302885	101960	270637	218124	338689	593232	463751	174686	1066151	978584	676495	0	1911760	8972448	14215325	7667198	0	0	0	0	0	0	0	0	0	0	0	0	0	0	0	0	0	0
LFQ	42	0	0	531	0	0	24148	0	51633	109603	142384	113697	116984	315550	91041	141547	22707	46805	88743	129156	98048	149192	339640	194626	63565	370180	224140	131129	692654	306452	177734	1899331	169962	677550	1264584	8713087	14754656	7630214	259953	0	0	0	0	0	0	0	0	0	0	0	0	0	0	0	0
LFQ	43	0	0	2061	0	0	0	23694	0	51377	111987	143000	115154	119821	314449	132309	119992	48618	198831	24170	190752	360327	107693	207718	309754	300985	371095	709711	89269	1078287	1006946	708778	157492	1908049	8903918	14112093	7574685	0	0	0	0	0	0	0	0	0	0	0	0	0	0	0	0	0	0
LFQ	44	0	0	167	0	0	0	23579	0	50468	110412	144880	112709	120146	313863	89978	141137	23386	153181	91286	23891	356084	250542	117445	375153	314342	145331	462965	570408	94628	1097490	220580	1517393	170668	629574	2125403	8345650	13956376	7331718	0	0	0	0	0	0	0	0	0	0	0	0	0	0	0	0
LFQ	45	0	0	0	0	0	0	0	22851	0	50560	110657	146289	111697	117750	313123	90936	97803	0	44325	23335	47044	90515	131635	145683	239261	218187	280247	66314	368268	596970	408440	591502	1030589	1092751	170726	1773927	8006443	14401845	8102799	320447	262254	0	0	0	0	0	0	0	0	0	0	0	0	0
LFQ	46	0	0	210	0	0	0	0	22338	0	50438	111899	148237	113273	118141	315148	90490	99000	0	43614	22453	46652	90975	24278	208541	282603	50971	311465	137248	133454	297895	832709	395909	1186589	1122456	195072	1950654	7998260	14325954	8152679	318371	261352	0	0	0	0	0	0	0	0	0	0	0	0	0
LFQ	47	0	0	587	0	0	0	0	22640	0	50581	110742	148174	111543	118467	316050	91769	101324	0	0	43690	22415	46369	89373	129616	232816	151610	216825	278284	66610	365031	832900	388033	1189840	1125972	195926	1949341	7991274	14253414	8185456	320112	259185	0	0	0	0	0	0	0	0	0	0	0	0	0
LFQ	48	0	0	1570	0	0	0	0	22687	0	50101	109913	147931	111968	117026	312410	91367	99729	0	0	43833	22064	46635	88114	23858	205341	281245	50661	307526	137233	134556	295882	825358	385970	1182524	1126247	195108	1950083	7965442	14394412	8098817	318768	260123	0	0	0	0	0	0	0	0	0	0	0	0
LFQ	49	0	0	0	0	0	0	0	0	23006	0	51201	114664	149774	115165	120972	316526	92766	101435	0	0	44183	22231	46760	91114	130923	234816	150369	220360	282592	67533	365762	837341	398588	1184848	1134477	195557	1950463	7983057	14304667	8091847	320155	259876	0	0	0	0	0	0	0	0	0	0	0	0
LFQ	50	0	0	2139	0	0	0	0	0	0	0	0	0	0	0	0	0	0	0	0	0	0	0	0	0	0	0	23561	0	52879	117019	194857	183839	365498	419477	200227	376305	275391	493127	722907	674697	377824	1286581	175884	530663	0	1441211	876709	327178	1513110	7948225	13540278	7281977	0	0
LFQ	51	0	0	0	0	0	0	0	0	0	0	0	0	0	0	0	0	0	0	0	0	0	0	0	0	0	0	27434	0	66980	130696	191882	216754	424747	497456	239930	430349	336919	519712	815740	797078	478167	1528831	223337	641440	0	1527967	1084443	415696	1466186	7761740	12865172	6711352	0	0
# GC Content of first fragments. Use `grep ^GCF | cut -f 2-` to extract this part.
GCF	0.75	39
GCF	2.01	150
GCF	3.02	149
GCF	3.77	280
GCF	4.27	281
GCF	4.77	284
GCF	5.28	286
GCF	5.78	749
GCF	6.28	751
GCF	6.78	747
GCF	7.29	748
GCF	8.04	1432
GCF	8.79	1438
GCF	9.30	1441
GCF	9.80	3012
GCF	10.30	3011
GCF	10.80	3014
GCF	11.31	3018
GCF	11.81	6190
GCF	12.31	6196
GCF	12.81	6208
GCF	13.32	6214
GCF	13.82	11770
GCF	14.32	11771
GCF	14.82	11784
GCF	15.33	11829
GCF	15.83	23622
GCF	16.33	23644
GCF	16.83	23655
GCF	17.34	23701
GCF	17.84	43452
GCF	18.34	43453
GCF	18.84	43464
GCF	19.35	43547
GCF	19.85	76988
GCF	20.35	77016
GCF	20.85	77087
GCF	21.36	125825
GCF	21.86	125977
GCF	22.36	126087
GCF	22.86	126098
GCF	23.37	194169
GCF	23.87	194402
GCF	24.37	194374
GCF	24.87	194393
GCF	25.38	288271
GCF	25.88	288325
GCF	26.38	288406
GCF	26.88	288769
GCF	27.39	409051
GCF	27.89	409015
GCF	28.39	409658
GCF	28.89	409793
GCF	29.40	548852
GCF	29.90	548832
GCF	30.40	549105
GCF	30.90	549139
GCF	31.41	711411
GCF	31.91	711503
GCF	32.66	712017
GCF	33.42	900194
GCF	33.92	900227
GCF	34.42	900245
GCF	34.92	900840
GCF	35.43	1100311
GCF	35.93	1100475
GCF	36.43	1100674
GCF	36.93	1101360
GCF	37.44	1329365
GCF	37.94	1329611
GCF	38.44	1329699
GCF	38.94	1330335
GCF	39.45	1576296
GCF	39.95	1576727
GCF	40.45	1576835
GCF	40.95	1823729
GCF	41.46	1824068
GCF	41.96	1824385
GCF	42.46	1824274
GCF	42.96	2054415
GCF	43.47	2054812
GCF	43.97	2054860
GCF	44.47	2055021
GCF	44.97	2292875
GCF	45.48	2293477
GCF	45.98	2293541
GCF	46.48	2293676
GCF	46.98	2533967
GCF	47.49	2533959
GCF	47.99	2534398
GCF	48.49	2534459
GCF	49.25	2719330
GCF	50.25	2719343
GCF	51.01	2850824
GCF	51.51	2850857
GCF	52.01	2850658
GCF	52.51	2850839
GCF	53.02	2864215
GCF	53.52	2863995
GCF	54.02	2864033
GCF	54.52	2863502
GCF	55.03	2791508
GCF	55.53	2791230
GCF	56.03	2790832
GCF	56.53	2790203
GCF	57.04	2599619
GCF	57.54	2599487
GCF	58.04	2599457
GCF	58.54	2598851
GCF	59.05	2304020
GCF	59.55	2303985
GCF	60.05	2303898
GCF	60.55	1943272
GCF	61.06	1942750
GCF	61.56	1942556
GCF	62.06	1942130
GCF	62.56	1544500
GCF	63.07	1543680
GCF	63.57	1543532
GCF	64.07	1543387
GCF	64.57	1165353
GCF	65.08	1164438
GCF	65.58	1164384
GCF	66.08	1164202
GCF	66.83	833892
GCF	67.59	833255
GCF	68.09	833112
GCF	68.59	582727
GCF	69.10	582582
GCF	69.60	582165
GCF	70.10	582101
GCF	70.60	400913
GCF	71.11	400893
GCF	71.61	400468
GCF	72.11	400293
GCF	72.61	279132
GCF	73.12	278973
GCF	73.62	278940
GCF	74.12	278868
GCF	74.62	199589
GCF	75.13	199532
GCF	75.63	199476
GCF	76.13	199378
GCF	76.63	138340
GCF	77.14	138330
GCF	77.64	138331
GCF	78.14	138305
GCF	78.64	101492
GCF	79.15	101452
GCF	79.65	101432
GCF	80.15	74137
GCF	80.65	74088
GCF	81.16	74027
GCF	81.66	74030
GCF	82.16	47283
GCF	82.66	47258
GCF	83.17	47240
GCF	83.67	47238
GCF	84.17	27880
GCF	84.67	27895
GCF	85.18	27879
GCF	85.68	27863
GCF	86.18	15078
GCF	86.68	15075
GCF	87.19	15030
GCF	87.69	15024
GCF	88.44	8592
GCF	89.20	8586
GCF	89.70	8581
GCF	90.45	2741
GCF	91.21	2746
GCF	91.71	2744
GCF	92.21	748
GCF	92.71	744
GCF	93.22	740
GCF	93.72	734
GCF	94.22	184
GCF	94.72	183
GCF	95.48	180
GCF	96.48	22
GCF	97.49	21
GCF	98.99	5
# GC Content of last fragments. Use `grep ^GCL | cut -f 2-` to extract this part.
GCL	0.75	39
GCL	1.76	191
GCL	2.76	192
GCL	3.77	345
GCL	4.27	347
GCL	5.03	352
GCL	5.78	892
GCL	6.28	899
GCL	6.78	901
GCL	7.29	900
GCL	8.04	1798
GCL	9.05	1795
GCL	9.80	3568
GCL	10.30	3567
GCL	10.80	3573
GCL	11.31	3580
GCL	11.81	7266
GCL	12.31	7274
GCL	12.81	7300
GCL	13.32	7312
GCL	13.82	14045
GCL	14.32	14048
GCL	14.82	14070
GCL	15.33	14111
GCL	15.83	27105
GCL	16.33	27126
GCL	16.83	27117
GCL	17.34	27168
GCL	17.84	49528
GCL	18.34	49537
GCL	18.84	49566
GCL	19.35	49667
GCL	19.85	85835
GCL	20.35	85853
GCL	20.85	85908
GCL	21.36	138795
GCL	21.86	138933
GCL	22.36	139017
GCL	22.86	139035
GCL	23.37	209814
GCL	23.87	210065
GCL	24.37	210038
GCL	24.87	210056
GCL	25.38	308780
GCL	25.88	308785
GCL	26.38	308849
GCL	26.88	309222
GCL	27.39	430322
GCL	27.89	430309
GCL	28.39	430984
GCL	28.89	431083
GCL	29.40	573237
GCL	29.90	573245
GCL	30.40	573594
GCL	30.90	573578
GCL	31.41	736742
GCL	31.91	736817
GCL	32.66	737324
GCL	33.42	925480
GCL	33.92	925536
GCL	34.42	925556
GCL	34.92	926117
GCL	35.43	1124677
GCL	35.93	1124852
GCL	36.43	1125019
GCL	36.93	1125686
GCL	37.44	1353523
GCL	37.94	1353777
GCL	38.44	1353827
GCL	38.94	1354436
GCL	39.45	1591693
GCL	39.95	1592065
GCL	40.45	1592232
GCL	40.95	1837998
GCL	41.46	1838258
GCL	41.96	1838525
GCL	42.46	1838458
GCL	42.96	2062946
GCL	43.47	2063282
GCL	43.97	2063321
GCL	44.47	2063539
GCL	44.97	2291630
GCL	45.48	2292267
GCL	45.98	2292372
GCL	46.48	2292576
GCL	46.98	2526425
GCL	47.49	2526474
GCL	47.99	2526891
GCL	48.49	2527006
GCL	49.25	2701947
GCL	50.25	2701995
GCL	51.01	2823748
GCL	51.51	2823730
GCL	52.01	2823549
GCL	52.51	2823604
GCL	53.02	2834445
GCL	53.52	2834211
GCL	54.02	2834260
GCL	54.52	2833927
GCL	55.03	2756459
GCL	55.53	2756248
GCL	56.03	2755923
GCL	56.53	2755256
GCL	57.04	2561662
GCL	57.54	2561531
GCL	58.04	2561336
GCL	58.54	2560760
GCL	59.05	2272412
GCL	59.55	2272370
GCL	60.05	2272274
GCL	60.55	1917918
GCL	61.06	1917294
GCL	61.56	1917042
GCL	62.06	1916619
GCL	62.56	1529050
GCL	63.07	1528287
GCL	63.57	1528181
GCL	64.07	1528033
GCL	64.57	1153801
GCL	65.08	1153009
GCL	65.58	1152953
GCL	66.08	1152761
GCL	66.83	828647
GCL	67.59	827899
GCL	68.09	827729
GCL	68.59	582031
GCL	69.10	581916
GCL	69.60	581509
GCL	70.10	581474
GCL	70.60	400751
GCL	71.11	400744
GCL	71.61	400391
GCL	72.11	400227
GCL	72.61	278155
GCL	73.12	278011
GCL	73.62	277937
GCL	74.12	277875
GCL	74.62	197983
GCL	75.13	197940
GCL	75.63	197865
GCL	76.13	197743
GCL	76.63	137936
GCL	77.14	137917
GCL	77.64	137921
GCL	78.14	137901
GCL	78.64	100333
GCL	79.15	100282
GCL	79.65	100253
GCL	80.15	72983
GCL	80.65	72933
GCL	81.16	72895
GCL	81.66	72901
GCL	82.16	46062
GCL	82.66	46036
GCL	83.17	46043
GCL	83.67	46034
GCL	84.17	26798
GCL	84.67	26793
GCL	85.18	26769
GCL	85.68	26749
GCL	86.18	14258
GCL	86.68	14254
GCL	87.19	14222
GCL	87.69	14213
GCL	88.19	8036
GCL	88.69	8029
GCL	89.20	8028
GCL	89.70	8019
GCL	90.20	2627
GCL	90.70	2626
GCL	91.46	2627
GCL	92.21	777
GCL	92.71	772
GCL	93.22	768
GCL	93.72	762
GCL	94.22	177
GCL	95.23	178
GCL	96.48	52
GCL	97.24	49
GCL	97.74	46
GCL	98.99	45
# ACGT content per cycle. Use `grep ^GCC | cut -f 2-` to extract this part. The columns are: cycle; A,C,G,T base counts as a percentage of all A/C/G/T bases [%]; and N and O counts as a percentage of all A/C/G/T bases [%]
GCC	1	14.13	35.94	35.97	13.96	0.87	0.00
GCC	2	28.72	21.40	21.39	28.48	0.05	0.00
GCC	3	22.71	27.42	27.34	22.52	0.00	0.00
GCC	4	24.47	25.66	25.58	24.28	0.00	0.00
GCC	5	25.73	24.40	24.32	25.56	0.00	0.00
GCC	6	27.16	22.98	22.86	27.00	0.00	0.00
GCC	7	27.86	22.23	22.12	27.79	0.00	0.00
GCC	8	24.28	25.82	25.73	24.16	0.00	0.00
GCC	9	25.29	24.81	24.69	25.21	0.00	0.00
GCC	10	27.87	22.22	22.16	27.75	0.00	0.00
GCC	11	21.64	28.47	28.33	21.56	0.00	0.00
GCC	12	24.21	25.86	25.80	24.14	0.00	0.00
GCC	13	25.98	24.11	23.98	25.94	0.00	0.00
GCC	14	25.55	24.53	24.46	25.46	0.00	0.00
GCC	15	25.05	25.04	24.95	24.96	0.00	0.00
GCC	16	24.92	25.16	25.08	24.83	0.00	0.00
GCC	17	24.94	25.11	25.03	24.92	0.00	0.00
GCC	18	25.04	25.03	24.96	24.97	0.00	0.00
GCC	19	24.93	25.15	25.07	24.85	0.00	0.00
GCC	20	25.07	24.99	24.95	24.99	0.00	0.00
GCC	21	25.16	24.93	24.83	25.08	0.00	0.00
GCC	22	25.12	24.97	24.90	25.02	0.00	0.00
GCC	23	25.22	24.84	24.77	25.17	0.00	0.00
GCC	24	25.28	24.79	24.74	25.19	0.00	0.00
GCC	25	25.06	25.01	24.93	25.00	0.00	0.00
GCC	26	25.23	24.84	24.78	25.15	0.00	0.00
GCC	27	25.18	24.86	24.80	25.16	0.00	0.00
GCC	28	25.03	25.02	24.98	24.96	0.00	0.00
GCC	29	25.10	24.96	24.89	25.05	0.00	0.00
GCC	30	25.21	24.84	24.79	25.15	0.00	0.00
GCC	31	25.10	24.99	24.88	25.02	0.00	0.00
GCC	32	25.24	24.81	24.75	25.19	0.00	0.00
GCC	33	25.22	24.85	24.78	25.16	0.00	0.00
GCC	34	25.03	25.02	24.97	24.98	0.00	0.00
GCC	35	25.10	24.93	24.88	25.08	0.00	0.00
GCC	36	25.14	24.91	24.83	25.11	0.00	0.00
GCC	37	25.02	25.05	24.97	24.97	0.00	0.00
GCC	38	25.16	24.90	24.83	25.10	0.00	0.00
GCC	39	25.19	24.87	24.78	25.16	0.00	0.00
GCC	40	25.09	25.01	24.91	24.99	0.00	0.00
GCC	41	25.20	24.89	24.78	25.13	0.00	0.00
GCC	42	25.27	24.79	24.72	25.22	0.00	0.00
GCC	43	25.10	24.99	24.90	25.01	0.00	0.00
GCC	44	25.24	24.85	24.75	25.16	0.00	0.00
GCC	45	25.23	24.86	24.76	25.15	0.00	0.00
GCC	46	25.04	25.04	24.96	24.97	0.00	0.00
GCC	47	25.20	24.87	24.79	25.14	0.00	0.00
GCC	48	25.22	24.84	24.77	25.17	0.00	0.00
GCC	49	25.02	25.08	24.96	24.95	0.00	0.00
GCC	50	25.17	24.90	24.82	25.11	0.00	0.00
GCC	51	25.19	24.87	24.79	25.15	0.00	0.00
# ACGT content per cycle, read oriented. Use `grep ^GCT | cut -f 2-` to extract this part. The columns are: cycle; A,C,G,T base counts as a percentage of all A/C/G/T bases [%]
GCT	1	13.01	46.42	25.49	15.08
GCT	2	21.22	20.93	21.87	35.99
GCT	3	23.07	26.03	28.74	22.17
GCT	4	30.43	23.27	27.98	18.32
GCT	5	30.37	20.03	28.68	20.92
GCT	6	32.60	22.39	23.44	21.57
GCT	7	17.28	24.06	20.29	38.37
GCT	8	21.53	29.51	22.04	26.92
GCT	9	20.80	27.44	22.06	29.70
GCT	10	33.66	20.37	24.01	21.95
GCT	11	23.68	28.53	28.28	19.52
GCT	12	21.99	27.43	24.23	26.35
GCT	13	24.53	24.52	23.56	27.39
GCT	14	24.48	24.72	24.27	26.53
GCT	15	24.54	25.30	24.69	25.47
GCT	16	24.65	25.11	25.13	25.11
GCT	17	24.98	24.83	25.31	24.88
GCT	18	25.17	25.00	24.99	24.84
GCT	19	24.84	25.17	25.06	24.93
GCT	20	25.08	24.91	25.03	24.99
GCT	21	25.00	24.98	24.78	25.24
GCT	22	25.10	24.98	24.89	25.03
GCT	23	25.22	24.67	24.94	25.17
GCT	24	25.31	24.69	24.84	25.16
GCT	25	25.12	24.97	24.97	24.93
GCT	26	25.30	24.68	24.95	25.08
GCT	27	25.16	24.92	24.73	25.19
GCT	28	24.92	25.11	24.90	25.07
GCT	29	25.08	24.96	24.89	25.07
GCT	30	25.15	24.93	24.71	25.22
GCT	31	25.07	25.08	24.79	25.05
GCT	32	25.35	24.74	24.83	25.09
GCT	33	25.17	24.87	24.75	25.21
GCT	34	25.09	25.04	24.94	24.92
GCT	35	25.18	24.82	25.00	25.00
GCT	36	25.16	24.93	24.82	25.09
GCT	37	25.01	25.10	24.92	24.97
GCT	38	25.23	24.78	24.96	25.04
GCT	39	25.16	24.90	24.75	25.18
GCT	40	25.05	25.03	24.89	25.03
GCT	41	25.22	24.79	24.87	25.11
GCT	42	25.20	24.83	24.68	25.29
GCT	43	25.01	25.05	24.85	25.09
GCT	44	25.20	24.71	24.90	25.19
GCT	45	25.11	24.85	24.76	25.28
GCT	46	24.99	25.07	24.92	25.02
GCT	47	25.19	24.69	24.96	25.15
GCT	48	25.13	24.83	24.78	25.26
GCT	49	24.85	25.14	24.89	25.11
GCT	50	25.11	24.84	24.88	25.17
GCT	51	25.07	24.89	24.77	25.27
# ACGT content per cycle for first fragments. Use `grep ^FBC | cut -f 2-` to extract this part. The columns are: cycle; A,C,G,T base counts as a percentage of all A/C/G/T bases [%]; and N and O counts as a percentage of all A/C/G/T bases [%]
FBC	1	14.09	35.98	36.02	13.92	0.33	0.00
FBC	2	28.73	21.41	21.39	28.48	0.06	0.00
FBC	3	22.70	27.43	27.36	22.51	0.00	0.00
FBC	4	24.48	25.65	25.57	24.30	0.00	0.00
FBC	5	25.72	24.40	24.33	25.55	0.00	0.00
FBC	6	27.15	22.99	22.87	26.99	0.00	0.00
FBC	7	27.84	22.24	22.14	27.78	0.00	0.00
FBC	8	24.28	25.83	25.74	24.15	0.00	0.00
FBC	9	25.27	24.82	24.72	25.19	0.00	0.00
FBC	10	27.86	22.23	22.17	27.74	0.00	0.00
FBC	11	21.59	28.52	28.38	21.51	0.00	0.00
FBC	12	24.17	25.90	25.84	24.09	0.00	0.00
FBC	13	25.94	24.15	24.02	25.89	0.01	0.00
FBC	14	25.50	24.58	24.50	25.41	0.00	0.00
FBC	15	24.98	25.11	25.01	24.91	0.00	0.00
FBC	16	24.88	25.21	25.13	24.78	0.00	0.00
FBC	17	24.90	25.15	25.07	24.88	0.00	0.00
FBC	18	24.99	25.08	25.01	24.92	0.00	0.00
FBC	19	24.88	25.20	25.13	24.79	0.00	0.00
FBC	20	25.03	25.02	25.00	24.94	0.00	0.00
FBC	21	25.11	24.98	24.89	25.02	0.00	0.00
FBC	22	25.07	25.02	24.95	24.96	0.00	0.00
FBC	23	25.16	24.90	24.82	25.11	0.00	0.00
FBC	24	25.23	24.85	24.79	25.13	0.00	0.00
FBC	25	25.01	25.06	25.00	24.93	0.00	0.00
FBC	26	25.18	24.88	24.83	25.11	0.00	0.00
FBC	27	25.15	24.90	24.84	25.11	0.00	0.00
FBC	28	24.98	25.07	25.04	24.91	0.00	0.00
FBC	29	25.06	24.99	24.94	25.00	0.00	0.00
FBC	30	25.15	24.90	24.85	25.10	0.00	0.00
FBC	31	25.06	25.04	24.93	24.96	0.00	0.00
FBC	32	25.20	24.85	24.79	25.16	0.00	0.00
FBC	33	25.17	24.88	24.82	25.12	0.00	0.00
FBC	34	24.98	25.07	25.02	24.94	0.00	0.00
FBC	35	25.06	24.98	24.92	25.04	0.00	0.00
FBC	36	25.10	24.96	24.88	25.06	0.00	0.00
FBC	37	24.97	25.10	25.01	24.92	0.00	0.00
FBC	38	25.12	24.94	24.88	25.07	0.00	0.00
FBC	39	25.15	24.90	24.83	25.12	0.00	0.00
FBC	40	25.05	25.06	24.96	24.93	0.00	0.00
FBC	41	25.16	24.92	24.82	25.10	0.00	0.00
FBC	42	25.24	24.82	24.76	25.17	0.00	0.00
FBC	43	25.05	25.04	24.95	24.96	0.00	0.00
FBC	44	25.20	24.89	24.79	25.12	0.00	0.00
FBC	45	25.19	24.89	24.80	25.11	0.00	0.00
FBC	46	25.01	25.07	25.00	24.92	0.00	0.00
FBC	47	25.16	24.90	24.83	25.11	0.00	0.00
FBC	48	25.19	24.87	24.81	25.13	0.00	0.00
FBC	49	24.98	25.11	25.00	24.91	0.00	0.00
FBC	50	25.14	24.93	24.86	25.07	0.00	0.00
FBC	51	25.15	24.91	24.82	25.12	0.00	0.00
# ACGT raw counters for first fragments. Use `grep ^FTC | cut -f 2-` to extract this part. The columns are: A,C,G,T,N base counters
FTC	503117553	505949613	504456031	501461182	164612
# ACGT content per cycle for last fragments. Use `grep ^LBC | cut -f 2-` to extract this part. The columns are: cycle; A,C,G,T base counts as a percentage of all A/C/G/T bases [%]; and N and O counts as a percentage of all A/C/G/T bases [%]
LBC	1	14.17	35.90	35.93	14.01	1.41	0.00
LBC	2	28.72	21.39	21.40	28.48	0.03	0.00
LBC	3	22.72	27.42	27.32	22.54	0.00	0.00
LBC	4	24.46	25.68	25.60	24.27	0.01	0.00
LBC	5	25.74	24.39	24.30	25.57	0.00	0.00
LBC	6	27.17	22.97	22.84	27.02	0.00	0.00
LBC	7	27.88	22.23	22.10	27.79	0.00	0.00
LBC	8	24.29	25.81	25.72	24.18	0.00	0.00
LBC	9	25.31	24.79	24.67	25.24	0.00	0.00
LBC	10	27.88	22.21	22.16	27.75	0.00	0.00
LBC	11	21.68	28.43	28.28	21.61	0.00	0.00
LBC	12	24.25	25.82	25.75	24.18	0.01	0.00
LBC	13	26.03	24.06	23.93	25.98	0.00	0.00
LBC	14	25.60	24.48	24.41	25.51	0.00	0.00
LBC	15	25.11	24.98	24.89	25.02	0.00	0.00
LBC	16	24.96	25.12	25.03	24.89	0.00	0.00
LBC	17	24.99	25.06	24.99	24.96	0.00	0.00
LBC	18	25.09	24.98	24.92	25.02	0.00	0.00
LBC	19	24.98	25.10	25.02	24.90	0.00	0.00
LBC	20	25.11	24.96	24.89	25.04	0.00	0.00
LBC	21	25.21	24.87	24.77	25.14	0.00	0.00
LBC	22	25.17	24.92	24.84	25.07	0.00	0.00
LBC	23	25.28	24.78	24.71	25.23	0.00	0.00
LBC	24	25.33	24.74	24.69	25.25	0.00	0.00
LBC	25	25.11	24.95	24.87	25.06	0.00	0.00
LBC	26	25.27	24.80	24.74	25.19	0.00	0.00
LBC	27	25.21	24.81	24.76	25.21	0.00	0.00
LBC	28	25.08	24.98	24.93	25.02	0.00	0.00
LBC	29	25.14	24.92	24.85	25.09	0.00	0.00
LBC	30	25.27	24.79	24.74	25.20	0.00	0.00
LBC	31	25.15	24.94	24.83	25.07	0.00	0.00
LBC	32	25.29	24.78	24.70	25.23	0.00	0.00
LBC	33	25.26	24.81	24.73	25.20	0.00	0.00
LBC	34	25.09	24.96	24.93	25.02	0.00	0.00
LBC	35	25.15	24.89	24.83	25.13	0.00	0.00
LBC	36	25.19	24.86	24.79	25.16	0.00	0.00
LBC	37	25.07	25.00	24.92	25.01	0.00	0.00
LBC	38	25.20	24.87	24.79	25.14	0.00	0.00
LBC	39	25.23	24.83	24.74	25.20	0.00	0.00
LBC	40	25.14	24.96	24.86	25.04	0.00	0.00
LBC	41	25.24	24.85	24.74	25.17	0.00	0.00
LBC	42	25.31	24.75	24.68	25.26	0.00	0.00
LBC	43	25.15	24.94	24.86	25.05	0.01	0.00
LBC	44	25.27	24.82	24.72	25.19	0.00	0.00
LBC	45	25.28	24.82	24.71	25.20	0.00	0.00
LBC	46	25.07	25.00	24.92	25.01	0.00	0.00
LBC	47	25.25	24.83	24.75	25.17	0.00	0.00
LBC	48	25.25	24.80	24.73	25.22	0.00	0.00
LBC	49	25.05	25.04	24.92	24.99	0.00	0.00
LBC	50	25.21	24.87	24.79	25.14	0.01	0.00
LBC	51	25.23	24.84	24.75	25.17	0.00	0.00
# ACGT raw counters for last fragments. Use `grep ^LTC | cut -f 2-` to extract this part. The columns are: A,C,G,T,N base counters
LTC	504592652	504282206	502694709	502991126	585469
# Insert sizes. Use `grep ^IS | cut -f 2-` to extract this part. The columns are: insert size, pairs total, inward oriented pairs, outward oriented pairs, other pairs
IS	0	0	0	0	0
IS	1	0	0	0	0
IS	2	0	0	0	0
IS	3	0	0	0	0
IS	4	0	0	0	0
IS	5	0	0	0	0
IS	6	0	0	0	0
IS	7	0	0	0	0
IS	8	0	0	0	0
IS	9	0	0	0	0
IS	10	0	0	0	0
IS	11	0	0	0	0
IS	12	0	0	0	0
IS	13	0	0	0	0
IS	14	0	0	0	0
IS	15	0	0	0	0
IS	16	0	0	0	0
IS	17	0	0	0	0
IS	18	0	0	0	0
IS	19	1	0	1	0
IS	20	0	0	0	0
IS	21	0	0	0	0
IS	22	2	0	2	0
IS	23	0	0	0	0
IS	24	9	6	3	0
IS	25	5	2	3	0
IS	26	38	16	22	0
IS	27	74	38	36	0
IS	28	60	32	28	0
IS	29	97	44	53	0
IS	30	130	56	74	0
IS	31	135	69	66	0
IS	32	201	94	107	0
IS	33	248	115	133	0
IS	34	330	147	183	0
IS	35	1068	567	501	0
IS	36	1087	577	510	0
IS	37	1061	537	524	0
IS	38	996	530	466	0
IS	39	982	512	470	0
IS	40	951	521	430	0
IS	41	1065	604	461	0
IS	42	1037	595	442	0
IS	43	1041	560	481	0
IS	44	1078	595	483	0
IS	45	1074	614	460	0
IS	46	1038	570	468	0
IS	47	1111	606	505	0
IS	48	1093	654	439	0
IS	49	1140	676	464	0
IS	50	1265	765	500	0
IS	51	1526	1048	478	0
IS	52	1638	1635	3	0
IS	53	1609	1604	5	0
IS	54	1660	1659	1	0
IS	55	1716	1709	7	0
IS	56	1667	1665	2	0
IS	57	1718	1716	2	0
IS	58	1805	1799	6	0
IS	59	1849	1846	3	0
IS	60	1917	1914	3	0
IS	61	1968	1965	3	0
IS	62	2216	2211	5	0
IS	63	2164	2161	3	0
IS	64	2092	2088	4	0
IS	65	2189	2180	9	0
IS	66	2351	2350	1	0
IS	67	2531	2526	5	0
IS	68	2624	2617	7	0
IS	69	2939	2935	4	0
IS	70	3126	3124	2	0
IS	71	3628	3627	1	0
IS	72	4314	4313	1	0
IS	73	4242	4238	4	0
IS	74	4532	4528	4	0
IS	75	4923	4918	5	0
IS	76	5408	5404	4	0
IS	77	5765	5764	1	0
IS	78	6557	6556	1	0
IS	79	7377	7374	3	0
IS	80	8619	8616	3	0
IS	81	10351	10347	4	0
IS	82	11414	11405	9	0
IS	83	13228	13223	5	0
IS	84	14346	14336	10	0
IS	85	15852	15841	11	0
IS	86	17011	17007	4	0
IS	87	19096	19089	7	0
IS	88	21085	21079	6	0
IS	89	24190	24184	6	0
IS	90	27373	27367	6	0
IS	91	31480	31472	8	0
IS	92	36363	36357	6	0
IS	93	40410	40405	5	0
IS	94	44418	44412	6	0
IS	95	47586	47580	6	0
IS	96	50734	50725	9	0
IS	97	54664	54660	4	0
IS	98	59645	59636	9	0
IS	99	65194	65181	13	0
IS	100	72753	72744	9	0
IS	101	80008	79995	13	0
IS	102	88464	88458	6	0
IS	103	95562	95551	11	0
IS	104	103056	103039	17	0
IS	105	107653	107647	6	0
IS	106	111947	111935	12	0
IS	107	115656	115647	9	0
IS	108	120569	120560	9	0
IS	109	127510	127502	8	0
IS	110	134580	134571	9	0
IS	111	142943	142929	14	0
IS	112	151709	151702	7	0
IS	113	160245	160231	14	0
IS	114	165077	165060	17	0
IS	115	168484	168476	8	0
IS	116	170037	170027	10	0
IS	117	170744	170729	15	0
IS	118	173851	173842	9	0
IS	119	176208	176196	12	0
IS	120	180057	180048	9	0
IS	121	186623	186612	11	0
IS	122	192107	192094	13	0
IS	123	197605	197592	13	0
IS	124	200850	200841	9	0
IS	125	203034	203023	11	0
IS	126	200746	200733	13	0
IS	127	199677	199667	10	0
IS	128	197946	197935	11	0
IS	129	196035	196021	14	0
IS	130	198201	198191	10	0
IS	131	199670	199652	18	0
IS	132	203364	203351	13	0
IS	133	205625	205616	9	0
IS	134	206933	206923	10	0
IS	135	206730	206723	7	0
IS	136	204376	204364	12	0
IS	137	201178	201168	10	0
IS	138	197645	197634	11	0
IS	139	194529	194519	10	0
IS	140	192939	192924	15	0
IS	141	193023	193007	16	0
IS	142	194233	194215	18	0
IS	143	195559	195544	15	0
IS	144	195802	195782	20	0
IS	145	195955	195940	15	0
IS	146	192725	192712	13	0
IS	147	188740	188718	22	0
IS	148	185158	185148	10	0
IS	149	181883	181864	19	0
IS	150	178872	178851	21	0
IS	151	178417	178407	10	0
IS	152	177709	177697	12	0
IS	153	177952	177938	14	0
IS	154	179126	179107	19	0
IS	155	178177	178164	13	0
IS	156	176237	176221	16	0
IS	157	172690	172667	23	0
IS	158	168600	168585	15	0
IS	159	165235	165216	19	0
IS	160	162946	162928	18	0
IS	161	161294	161270	24	0
IS	162	159403	159371	32	0
IS	163	159700	159679	21	0
IS	164	159952	159936	16	0
IS	165	159087	159061	26	0
IS	166	158264	158245	19	0
IS	167	154428	154404	24	0
IS	168	151719	151700	19	0
IS	169	148933	148905	28	0
IS	170	145624	145586	38	0
IS	171	143621	143594	27	0
IS	172	142984	142951	33	0
IS	173	142943	142910	33	0
IS	174	141215	141179	36	0
IS	175	141494	141473	21	0
IS	176	140611	140585	26	0
IS	177	138310	138287	23	0
IS	178	136291	136265	26	0
IS	179	133737	133716	21	0
IS	180	131100	131068	32	0
IS	181	128763	128737	26	0
IS	182	127207	127188	19	0
IS	183	127381	127351	30	0
IS	184	126658	126640	18	0
IS	185	125832	125808	24	0
IS	186	126586	126568	18	0
IS	187	124913	124890	23	0
IS	188	122906	122892	14	0
IS	189	120348	120333	15	0
IS	190	119256	119233	23	0
IS	191	116004	115982	22	0
IS	192	114699	114681	18	0
IS	193	114925	114909	16	0
IS	194	114542	114526	16	0
IS	195	113419	113405	14	0
IS	196	113462	113442	20	0
IS	197	113043	113024	19	0
IS	198	111223	111208	15	0
IS	199	109874	109861	13	0
IS	200	108475	108454	21	0
IS	201	106086	106069	17	0
IS	202	105120	105104	16	0
IS	203	103721	103705	16	0
IS	204	103040	103023	17	0
IS	205	103789	103770	19	0
IS	206	103278	103261	17	0
IS	207	102783	102766	17	0
IS	208	102018	102003	15	0
IS	209	100815	100796	19	0
IS	210	98801	98787	14	0
IS	211	97420	97402	18	0
IS	212	96138	96120	18	0
IS	213	94915	94896	19	0
IS	214	94797	94778	19	0
IS	215	93891	93872	19	0
IS	216	93524	93501	23	0
IS	217	93422	93409	13	0
IS	218	92395	92382	13	0
IS	219	91683	91673	10	0
IS	220	90266	90256	10	0
IS	221	88938	88916	22	0
IS	222	87993	87979	14	0
IS	223	86408	86393	15	0
IS	224	86042	86024	18	0
IS	225	85777	85761	16	0
IS	226	85416	85397	19	0
IS	227	84977	84959	18	0
IS	228	84405	84388	17	0
IS	229	83613	83601	12	0
IS	230	82517	82503	14	0
IS	231	81478	81464	14	0
IS	232	79720	79707	13	0
IS	233	79101	79087	14	0
IS	234	77890	77875	15	0
IS	235	77741	77731	10	0
IS	236	77214	77202	12	0
IS	237	77021	77009	12	0
IS	238	76652	76641	11	0
IS	239	76355	76345	10	0
IS	240	75350	75333	17	0
IS	241	74348	74333	15	0
IS	242	73105	73093	12	0
IS	243	72012	72000	12	0
IS	244	70982	70965	17	0
IS	245	70438	70423	15	0
IS	246	70322	70306	16	0
IS	247	69933	69922	11	0
IS	248	70057	70048	9	0
IS	249	69279	69259	20	0
IS	250	68697	68683	14	0
IS	251	68293	68280	13	0
IS	252	67170	67156	14	0
IS	253	65527	65517	10	0
IS	254	65170	65161	9	0
IS	255	64105	64095	10	0
IS	256	64313	64303	10	0
IS	257	63681	63666	15	0
IS	258	63135	63121	14	0
IS	259	62932	62911	21	0
IS	260	62678	62669	9	0
IS	261	61822	61814	8	0
IS	262	60969	60954	15	0
IS	263	60537	60515	22	0
IS	264	59423	59396	27	0
IS	265	58650	58633	17	0
IS	266	57953	57926	27	0
IS	267	57741	57722	19	0
IS	268	57992	57979	13	0
IS	269	57115	57101	14	0
IS	270	56907	56888	19	0
IS	271	55929	55903	26	0
IS	272	55843	55826	17	0
IS	273	55194	55178	16	0
IS	274	54241	54225	16	0
IS	275	53362	53347	15	0
IS	276	52512	52496	16	0
IS	277	52769	52745	24	0
IS	278	52262	52245	17	0
IS	279	52235	52213	22	0
IS	280	51764	51746	18	0
IS	281	51477	51461	16	0
IS	282	50841	50823	18	0
IS	283	50404	50386	18	0
IS	284	49680	49667	13	0
IS	285	49204	49186	18	0
IS	286	48745	48726	19	0
IS	287	47881	47864	17	0
IS	288	47928	47917	11	0
IS	289	47521	47508	13	0
IS	290	47331	47317	14	0
IS	291	46792	46775	17	0
IS	292	47313	47295	18	0
IS	293	45931	45912	19	0
IS	294	45441	45427	14	0
IS	295	44779	44764	15	0
IS	296	44258	44243	15	0
IS	297	43805	43789	16	0
IS	298	43617	43600	17	0
IS	299	43392	43377	15	0
IS	300	43219	43205	14	0
IS	301	42806	42792	14	0
IS	302	42120	42108	12	0
IS	303	41646	41632	14	0
IS	304	41431	41421	10	0
IS	305	41138	41131	7	0
IS	306	40286	40273	13	0
IS	307	39844	39830	14	0
IS	308	39784	39775	9	0
IS	309	39355	39345	10	0
IS	310	39150	39138	12	0
IS	311	39236	39221	15	0
IS	312	38567	38562	5	0
IS	313	38342	38332	10	0
IS	314	37872	37857	15	0
IS	315	37482	37471	11	0
IS	316	37154	37141	13	0
IS	317	36697	36682	15	0
IS	318	36089	36079	10	0
IS	319	35994	35983	11	0
IS	320	35869	35861	8	0
IS	321	35457	35449	8	0
IS	322	35420	35405	15	0
IS	323	35351	35341	10	0
IS	324	34889	34882	7	0
IS	325	34157	34150	7	0
IS	326	34024	34017	7	0
IS	327	34099	34089	10	0
IS	328	33420	33410	10	0
IS	329	32916	32911	5	0
IS	330	32887	32878	9	0
IS	331	32636	32632	4	0
IS	332	32269	32261	8	0
IS	333	31771	31765	6	0
IS	334	32039	32030	9	0
IS	335	31720	31714	6	0
IS	336	31563	31556	7	0
IS	337	31011	31006	5	0
IS	338	30491	30484	7	0
IS	339	29903	29894	9	0
IS	340	30310	30306	4	0
IS	341	29949	29943	6	0
IS	342	29587	29578	9	0
IS	343	29581	29576	5	0
IS	344	29642	29635	7	0
IS	345	29308	29298	10	0
IS	346	28859	28853	6	0
IS	347	28552	28543	9	0
IS	348	28077	28071	6	0
IS	349	28084	28080	4	0
IS	350	28030	28024	6	0
IS	351	27590	27584	6	0
IS	352	27322	27313	9	0
IS	353	27152	27147	5	0
IS	354	26821	26815	6	0
IS	355	27025	27020	5	0
IS	356	26337	26330	7	0
IS	357	26225	26219	6	0
IS	358	25997	25992	5	0
IS	359	25375	25367	8	0
IS	360	25485	25479	6	0
IS	361	25116	25111	5	0
IS	362	25198	25193	5	0
IS	363	24962	24957	5	0
IS	364	24681	24675	6	0
IS	365	24543	24534	9	0
IS	366	24210	24204	6	0
IS	367	23966	23960	6	0
IS	368	23675	23670	5	0
IS	369	23523	23517	6	0
IS	370	23465	23458	7	0
IS	371	23162	23154	8	0
IS	372	22834	22830	4	0
IS	373	22685	22682	3	0
IS	374	22638	22633	5	0
IS	375	22690	22683	7	0
IS	376	22254	22249	5	0
IS	377	22107	22098	9	0
IS	378	21975	21970	5	0
IS	379	21636	21629	7	0
IS	380	21509	21501	8	0
IS	381	21152	21145	7	0
IS	382	21424	21419	5	0
IS	383	20814	20809	5	0
IS	384	20789	20782	7	0
IS	385	20802	20797	5	0
IS	386	20633	20625	8	0
IS	387	20244	20239	5	0
IS	388	20106	20100	6	0
IS	389	19917	19912	5	0
IS	390	19861	19856	5	0
IS	391	19451	19445	6	0
IS	392	19513	19507	6	0
IS	393	19077	19074	3	0
IS	394	19108	19104	4	0
IS	395	19142	19137	5	0
IS	396	18926	18922	4	0
IS	397	18694	18688	6	0
IS	398	18673	18667	6	0
IS	399	18520	18516	4	0
IS	400	18221	18218	3	0
IS	401	18089	18084	5	0
IS	402	17798	17789	9	0
IS	403	17867	17860	7	0
IS	404	17528	17523	5	0
IS	405	17726	17716	10	0
IS	406	17507	17501	6	0
IS	407	17219	17213	6	0
IS	408	17174	17168	6	0
IS	409	16913	16907	6	0
IS	410	16770	16766	4	0
IS	411	16386	16378	8	0
IS	412	16678	16674	4	0
IS	413	16468	16462	6	0
IS	414	16373	16368	5	0
IS	415	16222	16218	4	0
IS	416	16168	16163	5	0
IS	417	15975	15969	6	0
IS	418	15995	15987	8	0
IS	419	15911	15906	5	0
IS	420	15853	15847	6	0
IS	421	15434	15429	5	0
IS	422	15274	15268	6	0
IS	423	15549	15544	5	0
IS	424	15143	15136	7	0
IS	425	15414	15411	3	0
IS	426	15104	15100	4	0
IS	427	14724	14721	3	0
IS	428	14812	14808	4	0
IS	429	14721	14717	4	0
IS	430	14726	14719	7	0
IS	431	14205	14199	6	0
IS	432	14299	14295	4	0
IS	433	14404	14401	3	0
IS	434	14258	14253	5	0
IS	435	14154	14148	6	0
IS	436	13703	13697	6	0
IS	437	14030	14025	5	0
IS	438	13759	13757	2	0
IS	439	13563	13555	8	0
IS	440	13768	13764	4	0
IS	441	13451	13445	6	0
IS	442	13330	13325	5	0
IS	443	13453	13449	4	0
IS	444	13321	13317	4	0
IS	445	13107	13103	4	0
IS	446	13396	13391	5	0
IS	447	12940	12936	4	0
IS	448	13151	13144	7	0
IS	449	13017	13014	3	0
IS	450	12857	12852	5	0
IS	451	12606	12601	5	0
IS	452	12517	12514	3	0
IS	453	12507	12503	4	0
IS	454	12579	12571	8	0
IS	455	12390	12380	10	0
IS	456	12480	12476	4	0
IS	457	12157	12154	3	0
IS	458	12027	12021	6	0
IS	459	12116	12108	8	0
IS	460	12060	12054	6	0
IS	461	12103	12095	8	0
IS	462	11649	11642	7	0
IS	463	11855	11847	8	0
IS	464	11620	11615	5	0
IS	465	11820	11813	7	0
IS	466	11560	11552	8	0
IS	467	11483	11475	8	0
IS	468	11275	11268	7	0
IS	469	11388	11382	6	0
IS	470	11343	11338	5	0
IS	471	11216	11212	4	0
IS	472	11404	11396	8	0
IS	473	11197	11193	4	0
IS	474	11018	11011	7	0
IS	475	10887	10880	7	0
IS	476	11099	11093	6	0
IS	477	10665	10660	5	0
IS	478	10884	10879	5	0
IS	479	10825	10819	6	0
IS	480	10635	10626	9	0
IS	481	10750	10747	3	0
IS	482	10717	10712	5	0
IS	483	10581	10572	9	0
IS	484	10462	10456	6	0
IS	485	10526	10520	6	0
IS	486	10435	10429	6	0
IS	487	10334	10328	6	0
IS	488	10379	10372	7	0
IS	489	10398	10393	5	0
IS	490	10133	10128	5	0
IS	491	10331	10324	7	0
IS	492	10078	10064	14	0
IS	493	10149	10142	7	0
IS	494	10123	10115	8	0
IS	495	10014	10007	7	0
IS	496	10008	10002	6	0
IS	497	10041	10036	5	0
IS	498	9988	9977	11	0
IS	499	9979	9967	12	0
IS	500	9885	9876	9	0
IS	501	10095	10084	11	0
IS	502	10052	10038	14	0
IS	503	9722	9714	8	0
IS	504	9793	9785	8	0
IS	505	9558	9552	6	0
IS	506	9649	9636	13	0
IS	507	9829	9821	8	0
IS	508	9461	9455	6	0
IS	509	9834	9826	8	0
IS	510	9648	9640	8	0
IS	511	9654	9648	6	0
IS	512	9752	9746	6	0
IS	513	9537	9530	7	0
IS	514	9453	9448	5	0
IS	515	9687	9679	8	0
IS	516	9612	9607	5	0
IS	517	9272	9267	5	0
IS	518	9327	9317	10	0
IS	519	9368	9362	6	0
IS	520	9332	9326	6	0
IS	521	9465	9459	6	0
IS	522	9220	9213	7	0
IS	523	9325	9321	4	0
IS	524	9258	9251	7	0
IS	525	9079	9071	8	0
IS	526	9090	9086	4	0
IS	527	9171	9163	8	0
IS	528	9147	9140	7	0
IS	529	8934	8929	5	0
IS	530	9044	9035	9	0
IS	531	8983	8978	5	0
IS	532	9047	9037	10	0
IS	533	9029	9025	4	0
IS	534	8914	8907	7	0
IS	535	8670	8664	6	0
IS	536	8788	8781	7	0
IS	537	8847	8842	5	0
IS	538	8705	8701	4	0
IS	539	8756	8750	6	0
IS	540	8710	8704	6	0
IS	541	8792	8785	7	0
IS	542	8585	8578	7	0
IS	543	8698	8695	3	0
IS	544	8699	8694	5	0
IS	545	8438	8433	5	0
IS	546	8527	8523	4	0
IS	547	8659	8649	10	0
IS	548	8490	8484	6	0
IS	549	8623	8617	6	0
IS	550	8582	8577	5	0
IS	551	8483	8474	9	0
IS	552	8661	8658	3	0
IS	553	8392	8387	5	0
IS	554	8371	8366	5	0
IS	555	8573	8571	2	0
IS	556	8299	8295	4	0
IS	557	8306	8302	4	0
IS	558	8318	8314	4	0
IS	559	8248	8244	4	0
IS	560	8130	8126	4	0
IS	561	8070	8066	4	0
IS	562	7974	7970	4	0
IS	563	8015	8010	5	0
IS	564	8090	8085	5	0
IS	565	8116	8112	4	0
IS	566	7816	7809	7	0
IS	567	8170	8166	4	0
IS	568	7803	7799	4	0
IS	569	8033	8031	2	0
IS	570	7987	7983	4	0
IS	571	7937	7932	5	0
IS	572	7923	7918	5	0
IS	573	8051	8045	6	0
IS	574	7873	7868	5	0
IS	575	7894	7888	6	0
IS	576	7795	7792	3	0
IS	577	7895	7890	5	0
IS	578	7881	7876	5	0
IS	579	7806	7803	3	0
IS	580	7689	7686	3	0
IS	581	7600	7593	7	0
IS	582	7802	7796	6	0
IS	583	7713	7705	8	0
IS	584	7779	7777	2	0
IS	585	7668	7665	3	0
IS	586	7528	7523	5	0
IS	587	7604	7597	7	0
IS	588	7541	7535	6	0
IS	589	7565	7560	5	0
IS	590	7632	7625	7	0
IS	591	7473	7467	6	0
IS	592	7348	7346	2	0
IS	593	7673	7668	5	0
IS	594	7491	7487	4	0
IS	595	7570	7565	5	0
IS	596	7477	7469	8	0
IS	597	7367	7365	2	0
IS	598	7432	7426	6	0
IS	599	7499	7496	3	0
IS	600	7359	7354	5	0
IS	601	7252	7248	4	0
IS	602	7510	7503	7	0
IS	603	7605	7598	7	0
IS	604	7289	7286	3	0
IS	605	7480	7475	5	0
IS	606	7330	7324	6	0
IS	607	7368	7362	6	0
IS	608	7278	7270	8	0
IS	609	7316	7310	6	0
IS	610	7278	7271	7	0
IS	611	7317	7310	7	0
IS	612	7268	7263	5	0
IS	613	7070	7066	4	0
IS	614	7202	7197	5	0
IS	615	7183	7180	3	0
IS	616	7087	7083	4	0
IS	617	7168	7163	5	0
IS	618	7185	7181	4	0
IS	619	7361	7356	5	0
IS	620	7181	7175	6	0
IS	621	7268	7263	5	0
IS	622	7022	7017	5	0
IS	623	7235	7231	4	0
IS	624	6987	6983	4	0
IS	625	6927	6921	6	0
IS	626	7135	7132	3	0
IS	627	7130	7123	7	0
IS	628	7040	7036	4	0
IS	629	7106	7101	5	0
IS	630	6856	6853	3	0
IS	631	7118	7114	4	0
IS	632	7105	7101	4	0
IS	633	7216	7214	2	0
IS	634	7040	7037	3	0
IS	635	6922	6919	3	0
IS	636	6896	6889	7	0
IS	637	7137	7135	2	0
IS	638	7088	7086	2	0
IS	639	6864	6862	2	0
IS	640	6949	6943	6	0
IS	641	6723	6720	3	0
IS	642	6703	6700	3	0
IS	643	6781	6777	4	0
IS	644	6848	6847	1	0
IS	645	6804	6801	3	0
IS	646	6862	6857	5	0
IS	647	6954	6950	4	0
IS	648	6824	6820	4	0
IS	649	6768	6764	4	0
IS	650	6941	6936	5	0
IS	651	6815	6808	7	0
IS	652	6889	6883	6	0
IS	653	6760	6754	6	0
IS	654	6705	6701	4	0
IS	655	6873	6867	6	0
IS	656	6875	6868	7	0
IS	657	6860	6856	4	0
IS	658	6673	6667	6	0
IS	659	6677	6674	3	0
IS	660	6770	6765	5	0
IS	661	6781	6778	3	0
IS	662	6922	6919	3	0
IS	663	6750	6745	5	0
IS	664	6731	6726	5	0
IS	665	6775	6772	3	0
IS	666	6632	6629	3	0
IS	667	6593	6590	3	0
IS	668	6629	6623	6	0
IS	669	6558	6554	4	0
IS	670	6586	6580	6	0
IS	671	6808	6805	3	0
IS	672	6475	6472	3	0
IS	673	6648	6642	6	0
IS	674	6363	6359	4	0
IS	675	6555	6552	3	0
IS	676	6527	6524	3	0
IS	677	6426	6424	2	0
IS	678	6775	6771	4	0
IS	679	6417	6411	6	0
IS	680	6612	6608	4	0
IS	681	6557	6554	3	0
IS	682	6473	6470	3	0
IS	683	6647	6641	6	0
IS	684	6542	6541	1	0
IS	685	6352	6348	4	0
IS	686	6343	6340	3	0
IS	687	6564	6558	6	0
IS	688	6549	6544	5	0
IS	689	6415	6412	3	0
IS	690	6421	6417	4	0
IS	691	6429	6425	4	0
IS	692	6327	6321	6	0
IS	693	6621	6616	5	0
IS	694	6478	6476	2	0
IS	695	6515	6512	3	0
IS	696	6364	6361	3	0
IS	697	6410	6406	4	0
IS	698	6320	6319	1	0
IS	699	6359	6355	4	0
IS	700	6305	6303	2	0
IS	701	6296	6293	3	0
IS	702	6266	6259	7	0
IS	703	6455	6452	3	0
IS	704	6291	6288	3	0
IS	705	6252	6248	4	0
IS	706	6356	6352	4	0
IS	707	6177	6174	3	0
IS	708	6275	6270	5	0
IS	709	6218	6216	2	0
IS	710	6176	6174	2	0
IS	711	6191	6188	3	0
IS	712	6107	6102	5	0
IS	713	6239	6234	5	0
IS	714	6187	6187	0	0
IS	715	6149	6146	3	0
IS	716	6162	6161	1	0
IS	717	6051	6049	2	0
IS	718	6168	6166	2	0
IS	719	6041	6038	3	0
IS	720	6321	6319	2	0
IS	721	6151	6147	4	0
IS	722	6209	6203	6	0
IS	723	6373	6371	2	0
IS	724	6082	6081	1	0
IS	725	6029	6024	5	0
IS	726	5959	5955	4	0
IS	727	5931	5926	5	0
IS	728	6143	6139	4	0
IS	729	5993	5991	2	0
IS	730	5968	5963	5	0
IS	731	5854	5851	3	0
IS	732	5896	5891	5	0
IS	733	5989	5986	3	0
IS	734	5957	5951	6	0
IS	735	5935	5931	4	0
IS	736	5918	5913	5	0
IS	737	5977	5970	7	0
IS	738	6003	6000	3	0
IS	739	5869	5865	4	0
IS	740	6093	6090	3	0
IS	741	6020	6015	5	0
IS	742	5929	5922	7	0
IS	743	6068	6066	2	0
IS	744	5889	5886	3	0
IS	745	5768	5765	3	0
IS	746	5939	5936	3	0
IS	747	6011	6006	5	0
IS	748	5920	5916	4	0
IS	749	5726	5723	3	0
IS	750	5772	5766	6	0
IS	751	5799	5795	4	0
IS	752	5777	5773	4	0
IS	753	5872	5868	4	0
IS	754	5747	5745	2	0
IS	755	5611	5609	2	0
IS	756	5810	5807	3	0
IS	757	5666	5661	5	0
IS	758	5732	5730	2	0
IS	759	5665	5662	3	0
IS	760	5826	5822	4	0
IS	761	5719	5714	5	0
IS	762	5699	5697	2	0
IS	763	5782	5779	3	0
IS	764	5631	5629	2	0
IS	765	5727	5724	3	0
IS	766	5779	5779	0	0
IS	767	5615	5611	4	0
IS	768	5840	5834	6	0
IS	769	5697	5693	4	0
IS	770	5713	5708	5	0
IS	771	5743	5738	5	0
IS	772	5627	5624	3	0
IS	773	5746	5744	2	0
IS	774	5586	5583	3	0
IS	775	5742	5741	1	0
IS	776	5794	5790	4	0
IS	777	5523	5521	2	0
IS	778	5633	5632	1	0
IS	779	5696	5694	2	0
IS	780	5648	5643	5	0
IS	781	5632	5630	2	0
IS	782	5705	5702	3	0
IS	783	5696	5694	2	0
IS	784	5667	5662	5	0
IS	785	5510	5508	2	0
IS	786	5653	5649	4	0
IS	787	5727	5722	5	0
IS	788	5822	5818	4	0
IS	789	5681	5675	6	0
IS	790	5646	5643	3	0
IS	791	5583	5581	2	0
IS	792	5780	5776	4	0
IS	793	5664	5662	2	0
IS	794	5903	5899	4	0
IS	795	5748	5745	3	0
IS	796	5569	5565	4	0
IS	797	5608	5602	6	0
IS	798	5613	5610	3	0
IS	799	5617	5613	4	0
IS	800	5572	5570	2	0
IS	801	5507	5501	6	0
IS	802	5663	5661	2	0
IS	803	5508	5504	4	0
IS	804	5525	5521	4	0
IS	805	5628	5626	2	0
IS	806	5628	5624	4	0
IS	807	5696	5693	3	0
IS	808	5635	5631	4	0
IS	809	5552	5546	6	0
IS	810	5471	5465	6	0
IS	811	5496	5492	4	0
IS	812	5529	5527	2	0
IS	813	5657	5652	5	0
IS	814	5628	5625	3	0
IS	815	5563	5561	2	0
IS	816	5620	5619	1	0
IS	817	5627	5623	4	0
IS	818	5448	5443	5	0
IS	819	5712	5710	2	0
IS	820	5725	5721	4	0
IS	821	5614	5610	4	0
IS	822	5512	5509	3	0
IS	823	5527	5521	6	0
IS	824	5528	5523	5	0
IS	825	5549	5544	5	0
IS	826	5436	5433	3	0
IS	827	5527	5522	5	0
IS	828	5560	5556	4	0
IS	829	5545	5542	3	0
IS	830	5595	5592	3	0
IS	831	5568	5566	2	0
IS	832	5659	5656	3	0
IS	833	5561	5560	1	0
IS	834	5601	5598	3	0
IS	835	5667	5664	3	0
IS	836	5552	5549	3	0
IS	837	5646	5640	6	0
IS	838	5516	5514	2	0
IS	839	5711	5708	3	0
IS	840	5652	5650	2	0
IS	841	5485	5483	2	0
IS	842	5521	5517	4	0
IS	843	5551	5548	3	0
IS	844	5451	5449	2	0
IS	845	5502	5498	4	0
IS	846	5588	5587	1	0
IS	847	5733	5729	4	0
IS	848	5667	5662	5	0
IS	849	5670	5664	6	0
IS	850	5609	5604	5	0
IS	851	5628	5625	3	0
IS	852	5603	5598	5	0
IS	853	5549	5543	6	0
IS	854	5636	5634	2	0
IS	855	5661	5660	1	0
IS	856	5616	5613	3	0
IS	857	5693	5689	4	0
IS	858	5427	5425	2	0
IS	859	5670	5664	6	0
IS	860	5684	5681	3	0
IS	861	5642	5636	6	0
IS	862	5521	5518	3	0
IS	863	5648	5643	5	0
IS	864	5621	5617	4	0
IS	865	5636	5632	4	0
IS	866	5691	5687	4	0
IS	867	5650	5647	3	0
IS	868	5588	5583	5	0
IS	869	5581	5578	3	0
IS	870	5677	5674	3	0
IS	871	5450	5447	3	0
IS	872	5764	5762	2	0
IS	873	5481	5478	3	0
IS	874	5671	5669	2	0
IS	875	5642	5636	6	0
IS	876	5644	5641	3	0
IS	877	5548	5545	3	0
IS	878	5576	5574	2	0
IS	879	5565	5562	3	0
IS	880	5579	5576	3	0
IS	881	5539	5534	5	0
IS	882	5587	5583	4	0
IS	883	5617	5610	7	0
IS	884	5540	5537	3	0
IS	885	5626	5624	2	0
IS	886	5607	5601	6	0
IS	887	5714	5712	2	0
IS	888	5582	5581	1	0
IS	889	5508	5505	3	0
IS	890	5445	5443	2	0
IS	891	5422	5419	3	0
IS	892	5588	5584	4	0
IS	893	5564	5560	4	0
IS	894	5441	5438	3	0
IS	895	5470	5467	3	0
IS	896	5425	5420	5	0
IS	897	5377	5375	2	0
IS	898	5329	5329	0	0
IS	899	5478	5471	7	0
IS	900	5207	5203	4	0
IS	901	5569	5565	4	0
IS	902	5516	5511	5	0
IS	903	5466	5463	3	0
IS	904	5256	5253	3	0
IS	905	5422	5420	2	0
IS	906	5312	5311	1	0
IS	907	5431	5428	3	0
IS	908	5500	5498	2	0
IS	909	5417	5412	5	0
IS	910	5307	5304	3	0
IS	911	5364	5362	2	0
IS	912	5339	5334	5	0
IS	913	5359	5357	2	0
IS	914	5226	5224	2	0
IS	915	5411	5410	1	0
IS	916	5329	5326	3	0
IS	917	5323	5320	3	0
IS	918	5241	5237	4	0
IS	919	5299	5296	3	0
IS	920	5363	5360	3	0
IS	921	5174	5171	3	0
IS	922	5269	5267	2	0
IS	923	5151	5150	1	0
IS	924	5268	5266	2	0
IS	925	5245	5240	5	0
IS	926	5445	5443	2	0
IS	927	5283	5282	1	0
IS	928	5063	5061	2	0
IS	929	5168	5167	1	0
IS	930	5219	5217	2	0
IS	931	5228	5225	3	0
IS	932	5217	5215	2	0
IS	933	5110	5106	4	0
IS	934	5209	5208	1	0
IS	935	5210	5206	4	0
IS	936	5210	5206	4	0
IS	937	5065	5063	2	0
IS	938	5164	5161	3	0
IS	939	5130	5125	5	0
IS	940	5090	5089	1	0
IS	941	4999	4997	2	0
IS	942	5197	5196	1	0
IS	943	5185	5184	1	0
IS	944	5034	5033	1	0
IS	945	5177	5173	4	0
IS	946	5190	5187	3	0
IS	947	5094	5090	4	0
IS	948	5056	5053	3	0
IS	949	4945	4940	5	0
IS	950	5069	5066	3	0
IS	951	5207	5204	3	0
IS	952	5234	5230	4	0
IS	953	5124	5122	2	0
IS	954	5094	5089	5	0
IS	955	5031	5027	4	0
IS	956	5095	5092	3	0
IS	957	5079	5074	5	0
IS	958	5109	5104	5	0
IS	959	5053	5051	2	0
IS	960	5032	5031	1	0
IS	961	5017	5015	2	0
IS	962	4993	4990	3	0
IS	963	5108	5105	3	0
IS	964	4939	4937	2	0
IS	965	4979	4975	4	0
IS	966	5167	5163	4	0
IS	967	5010	5006	4	0
IS	968	5107	5106	1	0
IS	969	5037	5033	4	0
IS	970	4973	4972	1	0
IS	971	5071	5064	7	0
IS	972	5083	5080	3	0
IS	973	5076	5074	2	0
IS	974	4769	4769	0	0
IS	975	5105	5100	5	0
IS	976	4986	4983	3	0
IS	977	4915	4908	7	0
IS	978	4941	4937	4	0
IS	979	4951	4949	2	0
IS	980	4936	4933	3	0
IS	981	5031	5028	3	0
IS	982	4922	4915	7	0
IS	983	4771	4766	5	0
IS	984	4968	4964	4	0
IS	985	4867	4865	2	0
IS	986	4992	4990	2	0
IS	987	4983	4978	5	0
IS	988	4880	4878	2	0
IS	989	4925	4921	4	0
IS	990	4902	4900	2	0
IS	991	4930	4927	3	0
IS	992	4878	4876	2	0
IS	993	4887	4883	4	0
IS	994	4906	4903	3	0
IS	995	5030	5027	3	0
IS	996	4987	4985	2	0
IS	997	5094	5092	2	0
IS	998	4974	4971	3	0
IS	999	5001	4998	3	0
IS	1000	5016	5014	2	0
IS	1001	4903	4900	3	0
IS	1002	4875	4871	4	0
IS	1003	4884	4882	2	0
IS	1004	4933	4932	1	0
IS	1005	4873	4869	4	0
IS	1006	4854	4852	2	0
IS	1007	4869	4864	5	0
IS	1008	4889	4886	3	0
IS	1009	4983	4982	1	0
IS	1010	4862	4860	2	0
IS	1011	4899	4898	1	0
IS	1012	4963	4961	2	0
IS	1013	4895	4893	2	0
IS	1014	4968	4965	3	0
IS	1015	4996	4994	2	0
IS	1016	4802	4800	2	0
IS	1017	4957	4956	1	0
IS	1018	4818	4816	2	0
IS	1019	4689	4686	3	0
IS	1020	4984	4981	3	0
IS	1021	4908	4907	1	0
IS	1022	4917	4913	4	0
IS	1023	4904	4903	1	0
IS	1024	4879	4877	2	0
IS	1025	4838	4836	2	0
IS	1026	4897	4896	1	0
IS	1027	4858	4855	3	0
IS	1028	4827	4823	4	0
IS	1029	4895	4891	4	0
IS	1030	4866	4864	2	0
IS	1031	4928	4924	4	0
IS	1032	4905	4900	5	0
IS	1033	5001	4996	5	0
IS	1034	4817	4814	3	0
IS	1035	4894	4893	1	0
IS	1036	4793	4789	4	0
IS	1037	4880	4879	1	0
IS	1038	4798	4796	2	0
IS	1039	4850	4850	0	0
IS	1040	4804	4803	1	0
IS	1041	4773	4770	3	0
IS	1042	4922	4921	1	0
IS	1043	4888	4885	3	0
IS	1044	4825	4823	2	0
IS	1045	4766	4766	0	0
IS	1046	4726	4722	4	0
IS	1047	4615	4613	2	0
IS	1048	4893	4892	1	0
IS	1049	4716	4713	3	0
IS	1050	4798	4796	2	0
IS	1051	4976	4973	3	0
IS	1052	4904	4900	4	0
IS	1053	4792	4789	3	0
IS	1054	4749	4747	2	0
IS	1055	4968	4966	2	0
IS	1056	4868	4866	2	0
IS	1057	4724	4721	3	0
IS	1058	4697	4693	4	0
IS	1059	4682	4680	2	0
IS	1060	4881	4881	0	0
IS	1061	4722	4720	2	0
IS	1062	4868	4867	1	0
IS	1063	4701	4699	2	0
IS	1064	4853	4849	4	0
IS	1065	4655	4654	1	0
IS	1066	4736	4735	1	0
IS	1067	4719	4716	3	0
IS	1068	4717	4714	3	0
IS	1069	4633	4632	1	0
IS	1070	4792	4788	4	0
IS	1071	4654	4651	3	0
IS	1072	4713	4711	2	0
IS	1073	4760	4757	3	0
IS	1074	4797	4793	4	0
IS	1075	4601	4599	2	0
IS	1076	4557	4554	3	0
IS	1077	4790	4789	1	0
IS	1078	4689	4688	1	0
IS	1079	4806	4804	2	0
IS	1080	4662	4661	1	0
IS	1081	4566	4563	3	0
IS	1082	4659	4657	2	0
IS	1083	4576	4575	1	0
IS	1084	4729	4727	2	0
IS	1085	4667	4665	2	0
IS	1086	4751	4749	2	0
IS	1087	4683	4683	0	0
IS	1088	4635	4634	1	0
IS	1089	4730	4728	2	0
IS	1090	4871	4867	4	0
IS	1091	4737	4734	3	0
IS	1092	4835	4834	1	0
IS	1093	4707	4702	5	0
IS	1094	4653	4650	3	0
IS	1095	4622	4619	3	0
IS	1096	4647	4645	2	0
IS	1097	4670	4667	3	0
IS	1098	4664	4661	3	0
IS	1099	4637	4632	5	0
IS	1100	4657	4654	3	0
IS	1101	4680	4676	4	0
IS	1102	4668	4664	4	0
IS	1103	4585	4584	1	0
IS	1104	4696	4690	6	0
IS	1105	4653	4652	1	0
IS	1106	4678	4677	1	0
IS	1107	4669	4668	1	0
IS	1108	4650	4646	4	0
IS	1109	4554	4552	2	0
IS	1110	4640	4636	4	0
IS	1111	4614	4612	2	0
IS	1112	4612	4611	1	0
IS	1113	4728	4727	1	0
IS	1114	4525	4521	4	0
IS	1115	4566	4563	3	0
IS	1116	4526	4522	4	0
IS	1117	4686	4683	3	0
IS	1118	4657	4653	4	0
IS	1119	4513	4511	2	0
IS	1120	4513	4509	4	0
IS	1121	4580	4573	7	0
IS	1122	4634	4633	1	0
IS	1123	4637	4633	4	0
IS	1124	4517	4514	3	0
IS	1125	4548	4547	1	0
IS	1126	4633	4630	3	0
IS	1127	4539	4536	3	0
IS	1128	4559	4555	4	0
IS	1129	4579	4574	5	0
IS	1130	4461	4461	0	0
IS	1131	4590	4587	3	0
IS	1132	4548	4546	2	0
IS	1133	4512	4508	4	0
IS	1134	4534	4530	4	0
IS	1135	4415	4413	2	0
IS	1136	4510	4507	3	0
IS	1137	4506	4504	2	0
IS	1138	4539	4538	1	0
IS	1139	4567	4565	2	0
IS	1140	4631	4627	4	0
IS	1141	4737	4735	2	0
IS	1142	4617	4615	2	0
IS	1143	4454	4450	4	0
IS	1144	4377	4373	4	0
IS	1145	4518	4516	2	0
IS	1146	4463	4461	2	0
IS	1147	4561	4559	2	0
IS	1148	4533	4529	4	0
IS	1149	4629	4627	2	0
IS	1150	4508	4505	3	0
IS	1151	4535	4532	3	0
IS	1152	4507	4504	3	0
IS	1153	4550	4547	3	0
IS	1154	4527	4524	3	0
IS	1155	4343	4341	2	0
IS	1156	4657	4655	2	0
IS	1157	4368	4364	4	0
IS	1158	4484	4482	2	0
IS	1159	4463	4460	3	0
IS	1160	4357	4355	2	0
IS	1161	4271	4269	2	0
IS	1162	4407	4404	3	0
IS	1163	4606	4603	3	0
IS	1164	4574	4571	3	0
IS	1165	4570	4566	4	0
IS	1166	4483	4479	4	0
IS	1167	4535	4533	2	0
IS	1168	4471	4468	3	0
IS	1169	4378	4376	2	0
IS	1170	4340	4338	2	0
IS	1171	4548	4542	6	0
IS	1172	4308	4308	0	0
IS	1173	4379	4377	2	0
IS	1174	4511	4509	2	0
IS	1175	4576	4573	3	0
IS	1176	4465	4463	2	0
IS	1177	4592	4590	2	0
IS	1178	4563	4562	1	0
IS	1179	4482	4480	2	0
IS	1180	4460	4460	0	0
IS	1181	4554	4551	3	0
IS	1182	4338	4337	1	0
IS	1183	4536	4536	0	0
IS	1184	4630	4630	0	0
IS	1185	4579	4579	0	0
IS	1186	4550	4548	2	0
IS	1187	4428	4425	3	0
IS	1188	4450	4447	3	0
IS	1189	4375	4374	1	0
IS	1190	4510	4509	1	0
IS	1191	4543	4541	2	0
IS	1192	4551	4548	3	0
IS	1193	4545	4543	2	0
IS	1194	4476	4472	4	0
IS	1195	4519	4517	2	0
IS	1196	4625	4623	2	0
IS	1197	4491	4487	4	0
IS	1198	4550	4548	2	0
IS	1199	4510	4509	1	0
IS	1200	4447	4445	2	0
IS	1201	4396	4394	2	0
IS	1202	4646	4642	4	0
IS	1203	4427	4422	5	0
IS	1204	4487	4485	2	0
IS	1205	4412	4410	2	0
IS	1206	4418	4412	6	0
IS	1207	4517	4514	3	0
IS	1208	4404	4402	2	0
IS	1209	4457	4454	3	0
IS	1210	4453	4449	4	0
IS	1211	4482	4480	2	0
IS	1212	4545	4542	3	0
IS	1213	4399	4396	3	0
IS	1214	4359	4357	2	0
IS	1215	4490	4484	6	0
IS	1216	4367	4367	0	0
IS	1217	4375	4374	1	0
IS	1218	4409	4409	0	0
IS	1219	4390	4387	3	0
IS	1220	4285	4283	2	0
IS	1221	4348	4346	2	0
IS	1222	4371	4369	2	0
IS	1223	4386	4381	5	0
IS	1224	4289	4287	2	0
IS	1225	4378	4377	1	0
IS	1226	4486	4483	3	0
IS	1227	4344	4341	3	0
IS	1228	4363	4361	2	0
IS	1229	4394	4390	4	0
IS	1230	4536	4534	2	0
IS	1231	4411	4407	4	0
IS	1232	4420	4418	2	0
IS	1233	4251	4248	3	0
IS	1234	4341	4339	2	0
IS	1235	4387	4386	1	0
IS	1236	4448	4447	1	0
IS	1237	4389	4387	2	0
IS	1238	4404	4402	2	0
IS	1239	4353	4349	4	0
IS	1240	4429	4424	5	0
IS	1241	4380	4376	4	0
IS	1242	4414	4412	2	0
IS	1243	4332	4330	2	0
IS	1244	4233	4231	2	0
IS	1245	4250	4248	2	0
IS	1246	4276	4273	3	0
IS	1247	4266	4262	4	0
IS	1248	4290	4287	3	0
IS	1249	4214	4212	2	0
IS	1250	4300	4298	2	0
IS	1251	4307	4305	2	0
IS	1252	4408	4406	2	0
IS	1253	4224	4222	2	0
IS	1254	4333	4330	3	0
IS	1255	4204	4203	1	0
IS	1256	4144	4141	3	0
IS	1257	4195	4192	3	0
IS	1258	4151	4148	3	0
IS	1259	4237	4234	3	0
IS	1260	4265	4263	2	0
IS	1261	4111	4107	4	0
IS	1262	4137	4134	3	0
IS	1263	4217	4214	3	0
IS	1264	4238	4235	3	0
IS	1265	4086	4084	2	0
IS	1266	4225	4223	2	0
IS	1267	4151	4149	2	0
IS	1268	4318	4317	1	0
IS	1269	4203	4202	1	0
IS	1270	4211	4211	0	0
IS	1271	4140	4136	4	0
IS	1272	4215	4212	3	0
IS	1273	4103	4102	1	0
IS	1274	4051	4050	1	0
IS	1275	4212	4210	2	0
IS	1276	4271	4270	1	0
IS	1277	4195	4193	2	0
IS	1278	4216	4215	1	0
IS	1279	4107	4105	2	0
IS	1280	4009	4007	2	0
IS	1281	4091	4090	1	0
IS	1282	4182	4180	2	0
IS	1283	4164	4161	3	0
IS	1284	4201	4198	3	0
IS	1285	4097	4094	3	0
IS	1286	4094	4094	0	0
IS	1287	4068	4065	3	0
IS	1288	4058	4055	3	0
IS	1289	4266	4263	3	0
IS	1290	4283	4281	2	0
IS	1291	4313	4311	2	0
IS	1292	4135	4134	1	0
IS	1293	4068	4066	2	0
IS	1294	4189	4187	2	0
IS	1295	4126	4125	1	0
IS	1296	4167	4166	1	0
IS	1297	4138	4134	4	0
IS	1298	4095	4090	5	0
IS	1299	4121	4119	2	0
IS	1300	4143	4143	0	0
IS	1301	4100	4098	2	0
IS	1302	3984	3983	1	0
IS	1303	4034	4034	0	0
IS	1304	4125	4123	2	0
IS	1305	4070	4069	1	0
IS	1306	4161	4159	2	0
IS	1307	3985	3980	5	0
IS	1308	4039	4034	5	0
IS	1309	4039	4038	1	0
IS	1310	4054	4050	4	0
IS	1311	3967	3963	4	0
IS	1312	4072	4068	4	0
IS	1313	4034	4032	2	0
IS	1314	4154	4152	2	0
IS	1315	4142	4141	1	0
IS	1316	4004	4003	1	0
IS	1317	4103	4102	1	0
IS	1318	4195	4192	3	0
IS	1319	3972	3970	2	0
IS	1320	4066	4066	0	0
IS	1321	4093	4092	1	0
IS	1322	4032	4030	2	0
IS	1323	4038	4036	2	0
IS	1324	4113	4109	4	0
IS	1325	4075	4074	1	0
IS	1326	4043	4041	2	0
IS	1327	4062	4059	3	0
IS	1328	3904	3904	0	0
IS	1329	3914	3911	3	0
IS	1330	3949	3946	3	0
IS	1331	3996	3993	3	0
IS	1332	3993	3991	2	0
IS	1333	3940	3939	1	0
IS	1334	3974	3972	2	0
IS	1335	3900	3895	5	0
IS	1336	4044	4042	2	0
IS	1337	3881	3878	3	0
IS	1338	4063	4062	1	0
IS	1339	3896	3895	1	0
IS	1340	3911	3909	2	0
IS	1341	4037	4036	1	0
IS	1342	3960	3957	3	0
IS	1343	3987	3984	3	0
IS	1344	3931	3929	2	0
IS	1345	3965	3962	3	0
IS	1346	3915	3912	3	0
IS	1347	3823	3821	2	0
IS	1348	3927	3924	3	0
IS	1349	4051	4047	4	0
IS	1350	4033	4031	2	0
IS	1351	4059	4055	4	0
IS	1352	3891	3890	1	0
IS	1353	3932	3929	3	0
IS	1354	3944	3943	1	0
IS	1355	3997	3993	4	0
IS	1356	4040	4040	0	0
IS	1357	3915	3914	1	0
IS	1358	3864	3863	1	0
IS	1359	3933	3930	3	0
IS	1360	4097	4095	2	0
IS	1361	4044	4041	3	0
IS	1362	4040	4039	1	0
IS	1363	4024	4021	3	0
IS	1364	3961	3960	1	0
IS	1365	3937	3934	3	0
IS	1366	3969	3966	3	0
IS	1367	3950	3949	1	0
IS	1368	4115	4112	3	0
IS	1369	3970	3967	3	0
IS	1370	3984	3982	2	0
IS	1371	4027	4025	2	0
IS	1372	3980	3977	3	0
IS	1373	3942	3939	3	0
IS	1374	4063	4060	3	0
IS	1375	3921	3919	2	0
IS	1376	3965	3961	4	0
IS	1377	4030	4029	1	0
IS	1378	3884	3883	1	0
IS	1379	4034	4030	4	0
IS	1380	3911	3907	4	0
IS	1381	4029	4027	2	0
IS	1382	4085	4080	5	0
IS	1383	4005	4003	2	0
IS	1384	4073	4072	1	0
IS	1385	4054	4051	3	0
IS	1386	4008	4004	4	0
IS	1387	4025	4022	3	0
IS	1388	4012	4011	1	0
IS	1389	3880	3879	1	0
IS	1390	3997	3995	2	0
IS	1391	3968	3966	2	0
IS	1392	3822	3821	1	0
IS	1393	3891	3890	1	0
IS	1394	3906	3905	1	0
IS	1395	3968	3967	1	0
IS	1396	3858	3855	3	0
IS	1397	3991	3990	1	0
IS	1398	4008	4004	4	0
IS	1399	4030	4030	0	0
IS	1400	3931	3929	2	0
IS	1401	3895	3894	1	0
IS	1402	3873	3870	3	0
IS	1403	3922	3918	4	0
IS	1404	3899	3898	1	0
IS	1405	4009	4007	2	0
IS	1406	4035	4032	3	0
IS	1407	4078	4074	4	0
IS	1408	4009	4007	2	0
IS	1409	3994	3991	3	0
IS	1410	4075	4072	3	0
IS	1411	3856	3855	1	0
IS	1412	4000	3999	1	0
IS	1413	4101	4100	1	0
IS	1414	4030	4028	2	0
IS	1415	3927	3925	2	0
IS	1416	3909	3907	2	0
IS	1417	3892	3889	3	0
IS	1418	3907	3905	2	0
IS	1419	4130	4126	4	0
IS	1420	3822	3819	3	0
IS	1421	4010	4007	3	0
IS	1422	3974	3972	2	0
IS	1423	4085	4082	3	0
IS	1424	3964	3961	3	0
IS	1425	3875	3873	2	0
IS	1426	3942	3940	2	0
IS	1427	3969	3967	2	0
IS	1428	3832	3829	3	0
IS	1429	3852	3850	2	0
IS	1430	3959	3958	1	0
IS	1431	3948	3944	4	0
IS	1432	3994	3989	5	0
IS	1433	3793	3791	2	0
IS	1434	3819	3816	3	0
IS	1435	3884	3882	2	0
IS	1436	3900	3899	1	0
IS	1437	3812	3810	2	0
IS	1438	3781	3780	1	0
IS	1439	3775	3774	1	0
IS	1440	3793	3791	2	0
IS	1441	3905	3902	3	0
IS	1442	3880	3877	3	0
IS	1443	3732	3731	1	0
IS	1444	3999	3998	1	0
IS	1445	3847	3846	1	0
IS	1446	3796	3795	1	0
IS	1447	3801	3800	1	0
IS	1448	3940	3939	1	0
IS	1449	3818	3816	2	0
IS	1450	3805	3802	3	0
IS	1451	3826	3826	0	0
IS	1452	3873	3869	4	0
IS	1453	3719	3717	2	0
IS	1454	3676	3673	3	0
IS	1455	3860	3858	2	0
IS	1456	3886	3882	4	0
IS	1457	3897	3895	2	0
IS	1458	3864	3862	2	0
IS	1459	3714	3712	2	0
IS	1460	3666	3662	4	0
IS	1461	3930	3929	1	0
IS	1462	3835	3834	1	0
IS	1463	3782	3781	1	0
IS	1464	3715	3713	2	0
IS	1465	3879	3877	2	0
IS	1466	3869	3869	0	0
IS	1467	3779	3778	1	0
IS	1468	3730	3729	1	0
IS	1469	3907	3906	1	0
IS	1470	3715	3714	1	0
IS	1471	3788	3786	2	0
IS	1472	3877	3875	2	0
IS	1473	3899	3898	1	0
IS	1474	3825	3821	4	0
IS	1475	3975	3972	3	0
IS	1476	3842	3836	6	0
IS	1477	3676	3673	3	0
IS	1478	3799	3795	4	0
IS	1479	3782	3780	2	0
IS	1480	3819	3817	2	0
IS	1481	3799	3798	1	0
IS	1482	3782	3781	1	0
IS	1483	3854	3850	4	0
IS	1484	3731	3729	2	0
IS	1485	3774	3772	2	0
IS	1486	3670	3668	2	0
IS	1487	3835	3833	2	0
IS	1488	3842	3839	3	0
IS	1489	3782	3780	2	0
IS	1490	3840	3837	3	0
IS	1491	3753	3752	1	0
IS	1492	3831	3829	2	0
IS	1493	3706	3703	3	0
IS	1494	3805	3802	3	0
IS	1495	3714	3713	1	0
IS	1496	3685	3684	1	0
IS	1497	3793	3790	3	0
IS	1498	3688	3687	1	0
IS	1499	3745	3743	2	0
IS	1500	3665	3664	1	0
IS	1501	3704	3702	2	0
IS	1502	3771	3768	3	0
IS	1503	3663	3662	1	0
IS	1504	3684	3683	1	0
IS	1505	3658	3656	2	0
IS	1506	3742	3742	0	0
IS	1507	3677	3675	2	0
IS	1508	3804	3803	1	0
IS	1509	3688	3688	0	0
IS	1510	3762	3760	2	0
IS	1511	3716	3716	0	0
IS	1512	3598	3596	2	0
IS	1513	3640	3638	2	0
IS	1514	3628	3625	3	0
IS	1515	3785	3783	2	0
IS	1516	3706	3705	1	0
IS	1517	3722	3719	3	0
IS	1518	3782	3779	3	0
IS	1519	3611	3609	2	0
IS	1520	3829	3828	1	0
IS	1521	3698	3697	1	0
IS	1522	3707	3704	3	0
IS	1523	3774	3774	0	0
IS	1524	3703	3701	2	0
IS	1525	3631	3629	2	0
IS	1526	3649	3647	2	0
IS	1527	3699	3697	2	0
IS	1528	3692	3691	1	0
IS	1529	3764	3764	0	0
IS	1530	3602	3599	3	0
IS	1531	3691	3690	1	0
IS	1532	3775	3774	1	0
IS	1533	3616	3614	2	0
IS	1534	3732	3729	3	0
IS	1535	3646	3644	2	0
IS	1536	3616	3611	5	0
IS	1537	3552	3551	1	0
IS	1538	3633	3632	1	0
IS	1539	3654	3652	2	0
IS	1540	3596	3596	0	0
IS	1541	3659	3656	3	0
IS	1542	3587	3586	1	0
IS	1543	3837	3836	1	0
IS	1544	3612	3611	1	0
IS	1545	3786	3784	2	0
IS	1546	3632	3630	2	0
IS	1547	3676	3674	2	0
IS	1548	3752	3751	1	0
IS	1549	3730	3727	3	0
IS	1550	3623	3622	1	0
IS	1551	3643	3642	1	0
IS	1552	3571	3570	1	0
IS	1553	3613	3609	4	0
IS	1554	3694	3694	0	0
IS	1555	3611	3608	3	0
IS	1556	3520	3519	1	0
IS	1557	3646	3645	1	0
IS	1558	3521	3520	1	0
IS	1559	3621	3620	1	0
IS	1560	3577	3575	2	0
IS	1561	3826	3822	4	0
IS	1562	3562	3559	3	0
IS	1563	3520	3520	0	0
IS	1564	3567	3566	1	0
IS	1565	3598	3596	2	0
IS	1566	3561	3559	2	0
IS	1567	3637	3633	4	0
IS	1568	3534	3534	0	0
IS	1569	3607	3605	2	0
IS	1570	3448	3447	1	0
IS	1571	3664	3661	3	0
IS	1572	3580	3580	0	0
IS	1573	3722	3718	4	0
IS	1574	3620	3617	3	0
IS	1575	3529	3528	1	0
IS	1576	3453	3448	5	0
IS	1577	3558	3556	2	0
IS	1578	3485	3485	0	0
IS	1579	3549	3547	2	0
IS	1580	3563	3562	1	0
IS	1581	3612	3611	1	0
IS	1582	3523	3521	2	0
IS	1583	3597	3596	1	0
IS	1584	3541	3540	1	0
IS	1585	3738	3736	2	0
IS	1586	3628	3626	2	0
IS	1587	3519	3518	1	0
IS	1588	3494	3491	3	0
IS	1589	3527	3525	2	0
IS	1590	3684	3683	1	0
IS	1591	3475	3475	0	0
IS	1592	3507	3506	1	0
IS	1593	3541	3541	0	0
IS	1594	3696	3693	3	0
IS	1595	3554	3552	2	0
IS	1596	3551	3550	1	0
IS	1597	3567	3566	1	0
IS	1598	3558	3557	1	0
IS	1599	3654	3651	3	0
IS	1600	3478	3477	1	0
IS	1601	3529	3528	1	0
IS	1602	3591	3591	0	0
IS	1603	3520	3519	1	0
IS	1604	3504	3502	2	0
IS	1605	3459	3456	3	0
IS	1606	3637	3634	3	0
IS	1607	3640	3640	0	0
IS	1608	3579	3576	3	0
IS	1609	3569	3567	2	0
IS	1610	3378	3374	4	0
IS	1611	3584	3583	1	0
IS	1612	3546	3545	1	0
IS	1613	3565	3564	1	0
IS	1614	3476	3473	3	0
IS	1615	3598	3597	1	0
IS	1616	3521	3520	1	0
IS	1617	3639	3637	2	0
IS	1618	3455	3453	2	0
IS	1619	3729	3728	1	0
IS	1620	3666	3665	1	0
IS	1621	3507	3503	4	0
IS	1622	3532	3529	3	0
IS	1623	3558	3558	0	0
IS	1624	3573	3572	1	0
IS	1625	3593	3592	1	0
IS	1626	3493	3492	1	0
IS	1627	3569	3567	2	0
IS	1628	3637	3637	0	0
IS	1629	3579	3577	2	0
IS	1630	3574	3572	2	0
IS	1631	3428	3427	1	0
IS	1632	3447	3443	4	0
IS	1633	3555	3554	1	0
IS	1634	3674	3673	1	0
IS	1635	3632	3631	1	0
IS	1636	3435	3433	2	0
IS	1637	3671	3668	3	0
IS	1638	3603	3602	1	0
IS	1639	3593	3590	3	0
IS	1640	3618	3616	2	0
IS	1641	3555	3552	3	0
IS	1642	3667	3666	1	0
IS	1643	3562	3561	1	0
IS	1644	3551	3549	2	0
IS	1645	3476	3475	1	0
IS	1646	3574	3573	1	0
IS	1647	3631	3630	1	0
IS	1648	3434	3432	2	0
IS	1649	3582	3580	2	0
IS	1650	3628	3627	1	0
IS	1651	3492	3490	2	0
IS	1652	3413	3411	2	0
IS	1653	3535	3533	2	0
IS	1654	3445	3443	2	0
IS	1655	3531	3529	2	0
IS	1656	3395	3395	0	0
IS	1657	3625	3624	1	0
IS	1658	3455	3453	2	0
IS	1659	3538	3536	2	0
IS	1660	3579	3577	2	0
IS	1661	3445	3444	1	0
IS	1662	3491	3491	0	0
IS	1663	3387	3386	1	0
IS	1664	3503	3503	0	0
IS	1665	3449	3447	2	0
IS	1666	3577	3576	1	0
IS	1667	3543	3542	1	0
IS	1668	3415	3414	1	0
IS	1669	3459	3457	2	0
IS	1670	3617	3616	1	0
IS	1671	3544	3543	1	0
IS	1672	3394	3393	1	0
IS	1673	3367	3365	2	0
IS	1674	3480	3480	0	0
IS	1675	3412	3411	1	0
IS	1676	3594	3593	1	0
IS	1677	3444	3443	1	0
IS	1678	3408	3406	2	0
IS	1679	3441	3439	2	0
IS	1680	3419	3419	0	0
IS	1681	3516	3514	2	0
IS	1682	3404	3401	3	0
IS	1683	3442	3441	1	0
IS	1684	3508	3505	3	0
IS	1685	3395	3393	2	0
IS	1686	3378	3376	2	0
IS	1687	3388	3387	1	0
IS	1688	3373	3372	1	0
IS	1689	3439	3436	3	0
IS	1690	3418	3416	2	0
IS	1691	3348	3348	0	0
IS	1692	3329	3328	1	0
IS	1693	3362	3360	2	0
IS	1694	3389	3387	2	0
IS	1695	3399	3398	1	0
IS	1696	3461	3458	3	0
IS	1697	3222	3220	2	0
IS	1698	3199	3196	3	0
IS	1699	3320	3318	2	0
IS	1700	3391	3390	1	0
IS	1701	3488	3486	2	0
IS	1702	3270	3269	1	0
IS	1703	3356	3354	2	0
IS	1704	3322	3321	1	0
IS	1705	3366	3365	1	0
IS	1706	3351	3347	4	0
IS	1707	3390	3390	0	0
IS	1708	3414	3412	2	0
IS	1709	3264	3263	1	0
IS	1710	3252	3250	2	0
IS	1711	3430	3428	2	0
IS	1712	3241	3241	0	0
IS	1713	3346	3345	1	0
IS	1714	3223	3221	2	0
IS	1715	3380	3377	3	0
IS	1716	3295	3295	0	0
IS	1717	3401	3400	1	0
IS	1718	3290	3288	2	0
IS	1719	3396	3394	2	0
IS	1720	3300	3300	0	0
IS	1721	3195	3193	2	0
IS	1722	3375	3372	3	0
IS	1723	3221	3219	2	0
IS	1724	3262	3261	1	0
IS	1725	3311	3310	1	0
IS	1726	3233	3231	2	0
IS	1727	3170	3168	2	0
IS	1728	3194	3194	0	0
IS	1729	3147	3146	1	0
IS	1730	3335	3334	1	0
IS	1731	3221	3221	0	0
IS	1732	3230	3229	1	0
IS	1733	3267	3265	2	0
IS	1734	3204	3203	1	0
IS	1735	3207	3204	3	0
IS	1736	3224	3223	1	0
IS	1737	3286	3285	1	0
IS	1738	3264	3263	1	0
IS	1739	3291	3290	1	0
IS	1740	3285	3283	2	0
IS	1741	3293	3291	2	0
IS	1742	3198	3198	0	0
IS	1743	3156	3155	1	0
IS	1744	3277	3277	0	0
IS	1745	3227	3224	3	0
IS	1746	3234	3234	0	0
IS	1747	3113	3112	1	0
IS	1748	3108	3104	4	0
IS	1749	3217	3215	2	0
IS	1750	3210	3208	2	0
IS	1751	3183	3182	1	0
IS	1752	3158	3156	2	0
IS	1753	3136	3134	2	0
IS	1754	3209	3208	1	0
IS	1755	3233	3228	5	0
IS	1756	3139	3138	1	0
IS	1757	3075	3072	3	0
IS	1758	3175	3173	2	0
IS	1759	3114	3109	5	0
IS	1760	3173	3173	0	0
IS	1761	3137	3137	0	0
IS	1762	3212	3209	3	0
IS	1763	3187	3185	2	0
IS	1764	3205	3203	2	0
IS	1765	3156	3152	4	0
IS	1766	3284	3281	3	0
IS	1767	3185	3184	1	0
IS	1768	3249	3248	1	0
IS	1769	3270	3270	0	0
IS	1770	3262	3261	1	0
IS	1771	3125	3124	1	0
IS	1772	3188	3185	3	0
IS	1773	3209	3207	2	0
IS	1774	3105	3103	2	0
IS	1775	3187	3187	0	0
IS	1776	3146	3146	0	0
IS	1777	3155	3154	1	0
IS	1778	3232	3231	1	0
IS	1779	3107	3105	2	0
IS	1780	3131	3130	1	0
IS	1781	3121	3120	1	0
IS	1782	3229	3225	4	0
IS	1783	3198	3196	2	0
IS	1784	2995	2992	3	0
IS	1785	3144	3142	2	0
IS	1786	3145	3144	1	0
IS	1787	3292	3292	0	0
IS	1788	3219	3216	3	0
IS	1789	3103	3102	1	0
IS	1790	3182	3180	2	0
IS	1791	3295	3292	3	0
IS	1792	3146	3143	3	0
IS	1793	3252	3251	1	0
IS	1794	3241	3239	2	0
IS	1795	3183	3183	0	0
IS	1796	3306	3303	3	0
IS	1797	3089	3086	3	0
IS	1798	3128	3128	0	0
IS	1799	3194	3194	0	0
IS	1800	3143	3142	1	0
IS	1801	3309	3308	1	0
IS	1802	3127	3126	1	0
IS	1803	3234	3234	0	0
IS	1804	3230	3228	2	0
IS	1805	3249	3247	2	0
IS	1806	3221	3219	2	0
IS	1807	3217	3217	0	0
IS	1808	3101	3100	1	0
IS	1809	3177	3176	1	0
IS	1810	3280	3278	2	0
IS	1811	3242	3240	2	0
IS	1812	3161	3159	2	0
IS	1813	3187	3186	1	0
IS	1814	3232	3232	0	0
IS	1815	3272	3270	2	0
IS	1816	3103	3101	2	0
IS	1817	3125	3125	0	0
IS	1818	3250	3249	1	0
IS	1819	3243	3242	1	0
IS	1820	3153	3151	2	0
IS	1821	3042	3041	1	0
IS	1822	3129	3128	1	0
IS	1823	3238	3236	2	0
IS	1824	3223	3221	2	0
IS	1825	3231	3231	0	0
IS	1826	3059	3058	1	0
IS	1827	3204	3201	3	0
IS	1828	3268	3267	1	0
IS	1829	3182	3181	1	0
IS	1830	3106	3104	2	0
IS	1831	3128	3126	2	0
IS	1832	3101	3098	3	0
IS	1833	3235	3235	0	0
IS	1834	3060	3060	0	0
IS	1835	3010	3010	0	0
IS	1836	3071	3071	0	0
IS	1837	3229	3228	1	0
IS	1838	3083	3082	1	0
IS	1839	3094	3092	2	0
IS	1840	3115	3113	2	0
IS	1841	3113	3111	2	0
IS	1842	3138	3136	2	0
IS	1843	2995	2995	0	0
IS	1844	3070	3068	2	0
IS	1845	3181	3180	1	0
IS	1846	3155	3154	1	0
IS	1847	3045	3044	1	0
IS	1848	2992	2991	1	0
IS	1849	2978	2977	1	0
IS	1850	3192	3191	1	0
IS	1851	2922	2920	2	0
IS	1852	3049	3047	2	0
IS	1853	3014	3013	1	0
IS	1854	3107	3106	1	0
IS	1855	3072	3071	1	0
IS	1856	3107	3104	3	0
IS	1857	2976	2975	1	0
IS	1858	3048	3047	1	0
IS	1859	3081	3080	1	0
IS	1860	3102	3099	3	0
IS	1861	3031	3029	2	0
IS	1862	2941	2940	1	0
IS	1863	3128	3126	2	0
IS	1864	3044	3044	0	0
IS	1865	2875	2874	1	0
IS	1866	2939	2936	3	0
IS	1867	2976	2975	1	0
IS	1868	3010	3007	3	0
IS	1869	2917	2916	1	0
IS	1870	3023	3023	0	0
IS	1871	3078	3076	2	0
IS	1872	2963	2961	2	0
IS	1873	2935	2933	2	0
IS	1874	2941	2940	1	0
IS	1875	3057	3057	0	0
IS	1876	2951	2950	1	0
IS	1877	3076	3076	0	0
IS	1878	3009	3007	2	0
IS	1879	3065	3064	1	0
IS	1880	3044	3043	1	0
IS	1881	2900	2898	2	0
IS	1882	3072	3071	1	0
IS	1883	3024	3022	2	0
IS	1884	2959	2958	1	0
IS	1885	2938	2937	1	0
IS	1886	3104	3104	0	0
IS	1887	3026	3025	1	0
IS	1888	2974	2972	2	0
IS	1889	2953	2952	1	0
IS	1890	3000	2998	2	0
IS	1891	3107	3105	2	0
IS	1892	3059	3057	2	0
IS	1893	3023	3023	0	0
IS	1894	2993	2992	1	0
IS	1895	3077	3076	1	0
IS	1896	2931	2929	2	0
IS	1897	2927	2925	2	0
IS	1898	2920	2918	2	0
IS	1899	2917	2915	2	0
IS	1900	3044	3043	1	0
IS	1901	2985	2985	0	0
IS	1902	3030	3030	0	0
IS	1903	2872	2871	1	0
IS	1904	2906	2905	1	0
IS	1905	2904	2901	3	0
IS	1906	2795	2793	2	0
IS	1907	2890	2889	1	0
IS	1908	2890	2890	0	0
IS	1909	2865	2865	0	0
IS	1910	2949	2949	0	0
IS	1911	2986	2985	1	0
IS	1912	2913	2912	1	0
IS	1913	2896	2895	1	0
IS	1914	2912	2912	0	0
IS	1915	2926	2925	1	0
IS	1916	2904	2904	0	0
IS	1917	2908	2908	0	0
IS	1918	3013	3011	2	0
IS	1919	3032	3029	3	0
IS	1920	2890	2889	1	0
IS	1921	2880	2878	2	0
IS	1922	2896	2894	2	0
IS	1923	2849	2847	2	0
IS	1924	2881	2880	1	0
IS	1925	2844	2843	1	0
IS	1926	2841	2840	1	0
IS	1927	2915	2912	3	0
IS	1928	2679	2678	1	0
IS	1929	2866	2865	1	0
IS	1930	2804	2803	1	0
IS	1931	2867	2866	1	0
IS	1932	2772	2769	3	0
IS	1933	2817	2816	1	0
IS	1934	2874	2873	1	0
IS	1935	2774	2773	1	0
IS	1936	2907	2905	2	0
IS	1937	2888	2888	0	0
IS	1938	2736	2735	1	0
IS	1939	2850	2850	0	0
IS	1940	2794	2794	0	0
IS	1941	2806	2806	0	0
IS	1942	2789	2788	1	0
IS	1943	2962	2962	0	0
IS	1944	2794	2792	2	0
IS	1945	2806	2805	1	0
IS	1946	2843	2840	3	0
IS	1947	2801	2798	3	0
IS	1948	2685	2683	2	0
IS	1949	2797	2795	2	0
IS	1950	2742	2741	1	0
IS	1951	2758	2757	1	0
IS	1952	2695	2693	2	0
IS	1953	2808	2805	3	0
IS	1954	2751	2748	3	0
IS	1955	2739	2736	3	0
IS	1956	2646	2644	2	0
IS	1957	2796	2791	5	0
IS	1958	2713	2712	1	0
IS	1959	2716	2715	1	0
IS	1960	2888	2885	3	0
IS	1961	2802	2801	1	0
IS	1962	2822	2820	2	0
IS	1963	2667	2664	3	0
IS	1964	2717	2715	2	0
IS	1965	2713	2710	3	0
IS	1966	2601	2600	1	0
IS	1967	2773	2772	1	0
IS	1968	2734	2734	0	0
IS	1969	2762	2761	1	0
IS	1970	2763	2763	0	0
IS	1971	2806	2802	4	0
IS	1972	2704	2704	0	0
IS	1973	2848	2847	1	0
IS	1974	2667	2663	4	0
IS	1975	2740	2739	1	0
IS	1976	2713	2711	2	0
IS	1977	2663	2662	1	0
IS	1978	2782	2778	4	0
IS	1979	2665	2663	2	0
IS	1980	2749	2747	2	0
IS	1981	2607	2605	2	0
IS	1982	2627	2626	1	0
IS	1983	2738	2737	1	0
IS	1984	2679	2675	4	0
IS	1985	2751	2748	3	0
IS	1986	2904	2901	3	0
IS	1987	2804	2802	2	0
IS	1988	2692	2690	2	0
IS	1989	2721	2720	1	0
IS	1990	2696	2696	0	0
IS	1991	2802	2798	4	0
IS	1992	2735	2732	3	0
IS	1993	2826	2825	1	0
IS	1994	2799	2798	1	0
IS	1995	2727	2727	0	0
IS	1996	2608	2605	3	0
IS	1997	2761	2758	3	0
IS	1998	2621	2621	0	0
IS	1999	2763	2762	1	0
IS	2000	2641	2640	1	0
IS	2001	2719	2717	2	0
IS	2002	2637	2636	1	0
IS	2003	2790	2789	1	0
IS	2004	2711	2710	1	0
IS	2005	2811	2809	2	0
IS	2006	2759	2758	1	0
IS	2007	2777	2776	1	0
IS	2008	2676	2676	0	0
IS	2009	2707	2705	2	0
IS	2010	2825	2823	2	0
IS	2011	2764	2763	1	0
IS	2012	2698	2697	1	0
IS	2013	2780	2778	2	0
IS	2014	2888	2888	0	0
IS	2015	2827	2825	2	0
IS	2016	2712	2711	1	0
IS	2017	2801	2799	2	0
IS	2018	2697	2696	1	0
IS	2019	2739	2738	1	0
IS	2020	2755	2753	2	0
IS	2021	2742	2739	3	0
IS	2022	2625	2624	1	0
IS	2023	2699	2697	2	0
IS	2024	2841	2839	2	0
IS	2025	2805	2803	2	0
IS	2026	2751	2750	1	0
IS	2027	2838	2836	2	0
IS	2028	2802	2802	0	0
IS	2029	2840	2839	1	0
IS	2030	2773	2772	1	0
IS	2031	2706	2706	0	0
IS	2032	2755	2754	1	0
IS	2033	2705	2702	3	0
IS	2034	2733	2731	2	0
IS	2035	2729	2728	1	0
IS	2036	2635	2634	1	0
IS	2037	2743	2740	3	0
IS	2038	2578	2576	2	0
IS	2039	2810	2809	1	0
IS	2040	2760	2758	2	0
IS	2041	2843	2840	3	0
IS	2042	2701	2698	3	0
IS	2043	2764	2764	0	0
IS	2044	2642	2641	1	0
IS	2045	2760	2759	1	0
IS	2046	2834	2833	1	0
IS	2047	2745	2743	2	0
IS	2048	2676	2675	1	0
IS	2049	2735	2731	4	0
IS	2050	2835	2834	1	0
IS	2051	2768	2768	0	0
IS	2052	2657	2656	1	0
IS	2053	2696	2696	0	0
IS	2054	2704	2701	3	0
IS	2055	2641	2641	0	0
IS	2056	2789	2788	1	0
IS	2057	2593	2592	1	0
IS	2058	2657	2656	1	0
IS	2059	2748	2747	1	0
IS	2060	2825	2824	1	0
IS	2061	2830	2830	0	0
IS	2062	2783	2782	1	0
IS	2063	2815	2813	2	0
IS	2064	2678	2675	3	0
IS	2065	2802	2800	2	0
IS	2066	2810	2808	2	0
IS	2067	2707	2706	1	0
IS	2068	2724	2723	1	0
IS	2069	2773	2771	2	0
IS	2070	2738	2737	1	0
IS	2071	2792	2792	0	0
IS	2072	2697	2696	1	0
IS	2073	2783	2781	2	0
IS	2074	2748	2748	0	0
IS	2075	2661	2661	0	0
IS	2076	2807	2806	1	0
IS	2077	2749	2748	1	0
IS	2078	2713	2710	3	0
IS	2079	2640	2639	1	0
IS	2080	2767	2766	1	0
IS	2081	2784	2783	1	0
IS	2082	2710	2707	3	0
IS	2083	2871	2869	2	0
IS	2084	2706	2706	0	0
IS	2085	2841	2839	2	0
IS	2086	2666	2666	0	0
IS	2087	2677	2677	0	0
IS	2088	2853	2849	4	0
IS	2089	2683	2683	0	0
IS	2090	2717	2716	1	0
IS	2091	2751	2749	2	0
IS	2092	2790	2789	1	0
IS	2093	2716	2715	1	0
IS	2094	2807	2805	2	0
IS	2095	2744	2741	3	0
IS	2096	2671	2670	1	0
IS	2097	2727	2726	1	0
IS	2098	2736	2735	1	0
IS	2099	2772	2772	0	0
IS	2100	2694	2692	2	0
IS	2101	2767	2765	2	0
IS	2102	2644	2642	2	0
IS	2103	2810	2807	3	0
IS	2104	2794	2794	0	0
IS	2105	2799	2798	1	0
IS	2106	2892	2892	0	0
IS	2107	2766	2765	1	0
IS	2108	2720	2716	4	0
IS	2109	2795	2794	1	0
IS	2110	2812	2812	0	0
IS	2111	2834	2833	1	0
IS	2112	2703	2701	2	0
IS	2113	2778	2777	1	0
IS	2114	2841	2840	1	0
IS	2115	2746	2744	2	0
IS	2116	2720	2720	0	0
IS	2117	2730	2728	2	0
IS	2118	2739	2738	1	0
IS	2119	2736	2734	2	0
IS	2120	2719	2719	0	0
IS	2121	2838	2838	0	0
IS	2122	2614	2612	2	0
IS	2123	2783	2783	0	0
IS	2124	2802	2798	4	0
IS	2125	2795	2793	2	0
IS	2126	2675	2675	0	0
IS	2127	2755	2754	1	0
IS	2128	2703	2703	0	0
IS	2129	2719	2718	1	0
IS	2130	2730	2729	1	0
IS	2131	2784	2783	1	0
IS	2132	2735	2734	1	0
IS	2133	2721	2721	0	0
IS	2134	2730	2730	0	0
IS	2135	2728	2727	1	0
IS	2136	2760	2758	2	0
IS	2137	2735	2733	2	0
IS	2138	2764	2763	1	0
IS	2139	2673	2672	1	0
IS	2140	2785	2784	1	0
IS	2141	2804	2803	1	0
IS	2142	2683	2683	0	0
IS	2143	2663	2661	2	0
IS	2144	2605	2604	1	0
IS	2145	2582	2581	1	0
IS	2146	2761	2759	2	0
IS	2147	2696	2695	1	0
IS	2148	2615	2614	1	0
IS	2149	2655	2655	0	0
IS	2150	2769	2768	1	0
IS	2151	2621	2619	2	0
IS	2152	2751	2750	1	0
IS	2153	2723	2721	2	0
IS	2154	2713	2712	1	0
IS	2155	2721	2721	0	0
IS	2156	2648	2646	2	0
IS	2157	2772	2772	0	0
IS	2158	2620	2620	0	0
IS	2159	2677	2675	2	0
IS	2160	2809	2806	3	0
IS	2161	2689	2687	2	0
IS	2162	2599	2597	2	0
IS	2163	2705	2702	3	0
IS	2164	2658	2658	0	0
IS	2165	2648	2645	3	0
IS	2166	2645	2643	2	0
IS	2167	2668	2666	2	0
IS	2168	2674	2671	3	0
IS	2169	2663	2661	2	0
IS	2170	2564	2561	3	0
IS	2171	2631	2629	2	0
IS	2172	2707	2705	2	0
IS	2173	2651	2650	1	0
IS	2174	2661	2659	2	0
IS	2175	2725	2724	1	0
IS	2176	2745	2744	1	0
IS	2177	2714	2713	1	0
IS	2178	2527	2526	1	0
IS	2179	2840	2840	0	0
IS	2180	2651	2650	1	0
IS	2181	2692	2691	1	0
IS	2182	2668	2668	0	0
IS	2183	2637	2636	1	0
IS	2184	2697	2695	2	0
IS	2185	2730	2729	1	0
IS	2186	2709	2708	1	0
IS	2187	2719	2717	2	0
IS	2188	2623	2622	1	0
IS	2189	2634	2634	0	0
IS	2190	2783	2783	0	0
IS	2191	2652	2651	1	0
IS	2192	2658	2656	2	0
IS	2193	2502	2501	1	0
IS	2194	2731	2730	1	0
IS	2195	2662	2659	3	0
IS	2196	2695	2694	1	0
IS	2197	2732	2731	1	0
IS	2198	2715	2714	1	0
IS	2199	2723	2723	0	0
IS	2200	2673	2672	1	0
IS	2201	2632	2631	1	0
IS	2202	2619	2618	1	0
IS	2203	2576	2575	1	0
IS	2204	2648	2648	0	0
IS	2205	2799	2799	0	0
IS	2206	2711	2710	1	0
IS	2207	2616	2614	2	0
IS	2208	2724	2721	3	0
IS	2209	2648	2648	0	0
IS	2210	2639	2638	1	0
IS	2211	2684	2683	1	0
IS	2212	2660	2658	2	0
IS	2213	2687	2684	3	0
IS	2214	2575	2574	1	0
IS	2215	2691	2690	1	0
IS	2216	2608	2606	2	0
IS	2217	2724	2721	3	0
IS	2218	2689	2687	2	0
IS	2219	2627	2626	1	0
IS	2220	2661	2659	2	0
IS	2221	2660	2660	0	0
IS	2222	2614	2613	1	0
IS	2223	2519	2518	1	0
IS	2224	2684	2683	1	0
IS	2225	2582	2580	2	0
IS	2226	2711	2711	0	0
IS	2227	2617	2615	2	0
IS	2228	2609	2608	1	0
IS	2229	2540	2539	1	0
IS	2230	2690	2689	1	0
IS	2231	2584	2582	2	0
IS	2232	2524	2522	2	0
IS	2233	2645	2645	0	0
IS	2234	2534	2534	0	0
IS	2235	2621	2619	2	0
IS	2236	2622	2621	1	0
IS	2237	2570	2568	2	0
IS	2238	2526	2526	0	0
IS	2239	2621	2619	2	0
IS	2240	2797	2796	1	0
IS	2241	2655	2655	0	0
IS	2242	2490	2490	0	0
IS	2243	2584	2584	0	0
IS	2244	2536	2535	1	0
IS	2245	2618	2616	2	0
IS	2246	2628	2627	1	0
IS	2247	2648	2648	0	0
IS	2248	2541	2541	0	0
IS	2249	2548	2547	1	0
IS	2250	2518	2517	1	0
IS	2251	2579	2578	1	0
IS	2252	2526	2526	0	0
IS	2253	2547	2545	2	0
IS	2254	2595	2595	0	0
IS	2255	2622	2622	0	0
IS	2256	2665	2664	1	0
IS	2257	2736	2736	0	0
IS	2258	2570	2570	0	0
IS	2259	2564	2562	2	0
IS	2260	2708	2708	0	0
IS	2261	2418	2416	2	0
IS	2262	2564	2564	0	0
IS	2263	2526	2525	1	0
IS	2264	2612	2611	1	0
IS	2265	2579	2579	0	0
IS	2266	2542	2542	0	0
IS	2267	2508	2506	2	0
IS	2268	2519	2518	1	0
IS	2269	2586	2586	0	0
IS	2270	2605	2603	2	0
IS	2271	2610	2610	0	0
IS	2272	2501	2500	1	0
IS	2273	2501	2499	2	0
IS	2274	2603	2602	1	0
IS	2275	2606	2603	3	0
IS	2276	2504	2502	2	0
IS	2277	2465	2464	1	0
IS	2278	2465	2465	0	0
IS	2279	2482	2481	1	0
IS	2280	2592	2591	1	0
IS	2281	2579	2578	1	0
IS	2282	2536	2536	0	0
IS	2283	2500	2500	0	0
IS	2284	2503	2503	0	0
IS	2285	2585	2584	1	0
IS	2286	2423	2423	0	0
IS	2287	2567	2565	2	0
IS	2288	2516	2516	0	0
IS	2289	2611	2606	5	0
IS	2290	2571	2570	1	0
IS	2291	2530	2530	0	0
IS	2292	2545	2544	1	0
IS	2293	2599	2597	2	0
IS	2294	2469	2468	1	0
IS	2295	2549	2549	0	0
IS	2296	2454	2453	1	0
IS	2297	2509	2508	1	0
IS	2298	2505	2504	1	0
IS	2299	2428	2427	1	0
IS	2300	2556	2555	1	0
IS	2301	2579	2578	1	0
IS	2302	2471	2469	2	0
IS	2303	2471	2470	1	0
IS	2304	2484	2482	2	0
IS	2305	2433	2431	2	0
IS	2306	2441	2438	3	0
IS	2307	2394	2393	1	0
IS	2308	2472	2470	2	0
IS	2309	2468	2467	1	0
IS	2310	2372	2371	1	0
IS	2311	2442	2441	1	0
IS	2312	2486	2483	3	0
IS	2313	2526	2524	2	0
IS	2314	2562	2561	1	0
IS	2315	2392	2390	2	0
IS	2316	2458	2457	1	0
IS	2317	2511	2510	1	0
IS	2318	2497	2497	0	0
IS	2319	2399	2397	2	0
IS	2320	2530	2529	1	0
IS	2321	2413	2413	0	0
IS	2322	2557	2557	0	0
IS	2323	2495	2492	3	0
IS	2324	2505	2505	0	0
IS	2325	2573	2572	1	0
IS	2326	2504	2504	0	0
IS	2327	2428	2428	0	0
IS	2328	2618	2618	0	0
IS	2329	2433	2433	0	0
IS	2330	2415	2415	0	0
IS	2331	2455	2455	0	0
IS	2332	2461	2461	0	0
IS	2333	2518	2517	1	0
IS	2334	2416	2415	1	0
IS	2335	2561	2560	1	0
IS	2336	2343	2343	0	0
IS	2337	2419	2418	1	0
IS	2338	2446	2444	2	0
IS	2339	2423	2423	0	0
IS	2340	2426	2426	0	0
IS	2341	2447	2446	1	0
IS	2342	2423	2421	2	0
IS	2343	2498	2496	2	0
IS	2344	2571	2571	0	0
IS	2345	2379	2379	0	0
IS	2346	2515	2514	1	0
IS	2347	2487	2486	1	0
IS	2348	2476	2474	2	0
IS	2349	2416	2415	1	0
IS	2350	2529	2529	0	0
IS	2351	2440	2439	1	0
IS	2352	2640	2639	1	0
IS	2353	2527	2525	2	0
IS	2354	2404	2404	0	0
IS	2355	2524	2524	0	0
IS	2356	2467	2465	2	0
IS	2357	2515	2515	0	0
IS	2358	2496	2496	0	0
IS	2359	2520	2519	1	0
IS	2360	2416	2416	0	0
IS	2361	2553	2553	0	0
IS	2362	2463	2462	1	0
IS	2363	2614	2614	0	0
IS	2364	2463	2461	2	0
IS	2365	2471	2470	1	0
IS	2366	2507	2506	1	0
IS	2367	2531	2531	0	0
IS	2368	2462	2462	0	0
IS	2369	2460	2459	1	0
IS	2370	2428	2427	1	0
IS	2371	2464	2463	1	0
IS	2372	2505	2505	0	0
IS	2373	2435	2435	0	0
IS	2374	2392	2391	1	0
IS	2375	2433	2431	2	0
IS	2376	2464	2463	1	0
IS	2377	2449	2447	2	0
IS	2378	2521	2520	1	0
IS	2379	2312	2311	1	0
IS	2380	2495	2495	0	0
IS	2381	2411	2411	0	0
IS	2382	2474	2474	0	0
IS	2383	2451	2449	2	0
IS	2384	2358	2356	2	0
IS	2385	2411	2410	1	0
IS	2386	2373	2373	0	0
IS	2387	2441	2438	3	0
IS	2388	2401	2400	1	0
IS	2389	2321	2320	1	0
IS	2390	2490	2490	0	0
IS	2391	2426	2425	1	0
IS	2392	2386	2385	1	0
IS	2393	2452	2450	2	0
IS	2394	2364	2364	0	0
IS	2395	2401	2401	0	0
IS	2396	2285	2284	1	0
IS	2397	2335	2334	1	0
IS	2398	2323	2323	0	0
IS	2399	2413	2411	2	0
IS	2400	2346	2345	1	0
IS	2401	2366	2365	1	0
IS	2402	2329	2328	1	0
IS	2403	2371	2369	2	0
IS	2404	2295	2294	1	0
IS	2405	2400	2400	0	0
IS	2406	2325	2324	1	0
IS	2407	2388	2388	0	0
IS	2408	2477	2477	0	0
IS	2409	2384	2382	2	0
IS	2410	2415	2414	1	0
IS	2411	2419	2416	3	0
IS	2412	2324	2324	0	0
IS	2413	2405	2404	1	0
IS	2414	2410	2408	2	0
IS	2415	2374	2373	1	0
IS	2416	2316	2313	3	0
IS	2417	2389	2387	2	0
IS	2418	2348	2346	2	0
IS	2419	2414	2411	3	0
IS	2420	2397	2396	1	0
IS	2421	2377	2374	3	0
IS	2422	2525	2523	2	0
IS	2423	2410	2408	2	0
IS	2424	2456	2455	1	0
IS	2425	2413	2413	0	0
IS	2426	2358	2356	2	0
IS	2427	2408	2406	2	0
IS	2428	2351	2350	1	0
IS	2429	2327	2326	1	0
IS	2430	2375	2374	1	0
IS	2431	2331	2329	2	0
IS	2432	2347	2346	1	0
IS	2433	2318	2314	4	0
IS	2434	2357	2354	3	0
IS	2435	2361	2360	1	0
IS	2436	2346	2346	0	0
IS	2437	2326	2325	1	0
IS	2438	2327	2325	2	0
IS	2439	2320	2319	1	0
IS	2440	2326	2326	0	0
IS	2441	2367	2367	0	0
IS	2442	2480	2480	0	0
IS	2443	2381	2381	0	0
IS	2444	2356	2356	0	0
IS	2445	2464	2463	1	0
IS	2446	2314	2313	1	0
IS	2447	2312	2312	0	0
IS	2448	2294	2293	1	0
IS	2449	2333	2331	2	0
IS	2450	2248	2247	1	0
IS	2451	2317	2317	0	0
IS	2452	2362	2361	1	0
IS	2453	2398	2397	1	0
IS	2454	2293	2292	1	0
IS	2455	2438	2436	2	0
IS	2456	2299	2298	1	0
IS	2457	2330	2328	2	0
IS	2458	2378	2377	1	0
IS	2459	2369	2369	0	0
IS	2460	2347	2344	3	0
IS	2461	2280	2279	1	0
IS	2462	2330	2329	1	0
IS	2463	2356	2355	1	0
IS	2464	2411	2411	0	0
IS	2465	2365	2364	1	0
IS	2466	2446	2445	1	0
IS	2467	2275	2275	0	0
IS	2468	2381	2380	1	0
IS	2469	2336	2335	1	0
IS	2470	2357	2355	2	0
IS	2471	2344	2343	1	0
IS	2472	2395	2395	0	0
IS	2473	2284	2282	2	0
IS	2474	2438	2436	2	0
IS	2475	2301	2301	0	0
IS	2476	2280	2278	2	0
IS	2477	2297	2296	1	0
IS	2478	2328	2328	0	0
IS	2479	2410	2409	1	0
IS	2480	2300	2299	1	0
IS	2481	2247	2245	2	0
IS	2482	2323	2321	2	0
IS	2483	2318	2317	1	0
IS	2484	2256	2256	0	0
IS	2485	2362	2361	1	0
IS	2486	2259	2259	0	0
IS	2487	2429	2427	2	0
IS	2488	2335	2334	1	0
IS	2489	2348	2347	1	0
IS	2490	2356	2355	1	0
IS	2491	2315	2315	0	0
IS	2492	2392	2392	0	0
IS	2493	2272	2272	0	0
IS	2494	2272	2272	0	0
IS	2495	2391	2391	0	0
IS	2496	2341	2341	0	0
IS	2497	2251	2250	1	0
IS	2498	2308	2306	2	0
IS	2499	2403	2403	0	0
IS	2500	2317	2315	2	0
IS	2501	2372	2372	0	0
IS	2502	2315	2315	0	0
IS	2503	2281	2278	3	0
IS	2504	2273	2271	2	0
IS	2505	2303	2303	0	0
IS	2506	2254	2253	1	0
IS	2507	2229	2228	1	0
IS	2508	2246	2245	1	0
IS	2509	2314	2314	0	0
IS	2510	2274	2274	0	0
IS	2511	2147	2146	1	0
IS	2512	2268	2266	2	0
IS	2513	2271	2271	0	0
IS	2514	2255	2253	2	0
IS	2515	2223	2222	1	0
IS	2516	2246	2246	0	0
IS	2517	2225	2225	0	0
IS	2518	2322	2322	0	0
IS	2519	2292	2291	1	0
IS	2520	2239	2239	0	0
IS	2521	2233	2233	0	0
IS	2522	2196	2195	1	0
IS	2523	2270	2269	1	0
IS	2524	2253	2252	1	0
IS	2525	2217	2216	1	0
IS	2526	2355	2353	2	0
IS	2527	2233	2233	0	0
IS	2528	2226	2225	1	0
IS	2529	2147	2147	0	0
IS	2530	2285	2283	2	0
IS	2531	2243	2242	1	0
IS	2532	2271	2271	0	0
IS	2533	2274	2274	0	0
IS	2534	2201	2200	1	0
IS	2535	2301	2301	0	0
IS	2536	2402	2400	2	0
IS	2537	2236	2236	0	0
IS	2538	2264	2263	1	0
IS	2539	2213	2213	0	0
IS	2540	2338	2338	0	0
IS	2541	2306	2306	0	0
IS	2542	2409	2407	2	0
IS	2543	2143	2140	3	0
IS	2544	2259	2257	2	0
IS	2545	2189	2188	1	0
IS	2546	2215	2214	1	0
IS	2547	2352	2351	1	0
IS	2548	2256	2254	2	0
IS	2549	2343	2342	1	0
IS	2550	2262	2260	2	0
IS	2551	2278	2274	4	0
IS	2552	2283	2282	1	0
IS	2553	2218	2217	1	0
IS	2554	2239	2238	1	0
IS	2555	2274	2271	3	0
IS	2556	2141	2140	1	0
IS	2557	2286	2285	1	0
IS	2558	2366	2364	2	0
IS	2559	2279	2277	2	0
IS	2560	2290	2290	0	0
IS	2561	2203	2202	1	0
IS	2562	2239	2237	2	0
IS	2563	2291	2291	0	0
IS	2564	2372	2370	2	0
IS	2565	2266	2265	1	0
IS	2566	2276	2276	0	0
IS	2567	2361	2359	2	0
IS	2568	2310	2309	1	0
IS	2569	2342	2340	2	0
IS	2570	2323	2322	1	0
IS	2571	2305	2304	1	0
IS	2572	2410	2409	1	0
IS	2573	2311	2309	2	0
IS	2574	2280	2280	0	0
IS	2575	2316	2315	1	0
IS	2576	2290	2288	2	0
IS	2577	2411	2410	1	0
IS	2578	2261	2261	0	0
IS	2579	2300	2299	1	0
IS	2580	2296	2296	0	0
IS	2581	2314	2314	0	0
IS	2582	2259	2259	0	0
IS	2583	2390	2388	2	0
IS	2584	2265	2264	1	0
IS	2585	2304	2304	0	0
IS	2586	2266	2265	1	0
IS	2587	2257	2256	1	0
IS	2588	2238	2238	0	0
IS	2589	2332	2332	0	0
IS	2590	2378	2378	0	0
IS	2591	2336	2335	1	0
IS	2592	2342	2339	3	0
IS	2593	2188	2188	0	0
IS	2594	2276	2274	2	0
IS	2595	2270	2269	1	0
IS	2596	2259	2258	1	0
IS	2597	2288	2286	2	0
IS	2598	2260	2259	1	0
IS	2599	2165	2164	1	0
IS	2600	2260	2259	1	0
IS	2601	2175	2174	1	0
IS	2602	2109	2108	1	0
IS	2603	2238	2237	1	0
IS	2604	2263	2262	1	0
IS	2605	2333	2331	2	0
IS	2606	2239	2237	2	0
IS	2607	2300	2299	1	0
IS	2608	2375	2374	1	0
IS	2609	2202	2202	0	0
IS	2610	2331	2331	0	0
IS	2611	2234	2234	0	0
IS	2612	2302	2300	2	0
IS	2613	2312	2311	1	0
IS	2614	2225	2225	0	0
IS	2615	2278	2278	0	0
IS	2616	2244	2243	1	0
IS	2617	2255	2255	0	0
IS	2618	2265	2263	2	0
IS	2619	2239	2239	0	0
IS	2620	2148	2148	0	0
IS	2621	2193	2192	1	0
IS	2622	2285	2282	3	0
IS	2623	2175	2174	1	0
IS	2624	2146	2145	1	0
IS	2625	2301	2298	3	0
IS	2626	2222	2222	0	0
IS	2627	2245	2245	0	0
IS	2628	2250	2249	1	0
IS	2629	2277	2275	2	0
IS	2630	2144	2144	0	0
IS	2631	2187	2185	2	0
IS	2632	2215	2214	1	0
IS	2633	2278	2277	1	0
IS	2634	2240	2240	0	0
IS	2635	2134	2134	0	0
IS	2636	2303	2303	0	0
IS	2637	2094	2093	1	0
IS	2638	2220	2217	3	0
IS	2639	2267	2267	0	0
IS	2640	2208	2205	3	0
IS	2641	2254	2254	0	0
IS	2642	2294	2291	3	0
IS	2643	2212	2211	1	0
IS	2644	2204	2204	0	0
IS	2645	2149	2148	1	0
IS	2646	2238	2236	2	0
IS	2647	2182	2181	1	0
IS	2648	2274	2273	1	0
IS	2649	2118	2117	1	0
IS	2650	2190	2190	0	0
IS	2651	2169	2169	0	0
IS	2652	2118	2118	0	0
IS	2653	2117	2117	0	0
IS	2654	2175	2175	0	0
IS	2655	2259	2258	1	0
IS	2656	2194	2194	0	0
IS	2657	2061	2061	0	0
IS	2658	2083	2083	0	0
IS	2659	2118	2118	0	0
IS	2660	2153	2152	1	0
IS	2661	2156	2155	1	0
IS	2662	2208	2207	1	0
IS	2663	2185	2185	0	0
IS	2664	2167	2164	3	0
IS	2665	2226	2225	1	0
IS	2666	2185	2184	1	0
IS	2667	2134	2133	1	0
IS	2668	2122	2121	1	0
IS	2669	2025	2023	2	0
IS	2670	2175	2172	3	0
IS	2671	2214	2214	0	0
IS	2672	2125	2124	1	0
IS	2673	2178	2178	0	0
IS	2674	2326	2324	2	0
IS	2675	2131	2129	2	0
IS	2676	2189	2188	1	0
IS	2677	2170	2170	0	0
IS	2678	2062	2060	2	0
IS	2679	2167	2165	2	0
IS	2680	2080	2079	1	0
IS	2681	2141	2140	1	0
IS	2682	2183	2182	1	0
IS	2683	2156	2153	3	0
IS	2684	2100	2099	1	0
IS	2685	2143	2143	0	0
IS	2686	2092	2092	0	0
IS	2687	2209	2208	1	0
IS	2688	2164	2164	0	0
IS	2689	2060	2059	1	0
IS	2690	2179	2179	0	0
IS	2691	2135	2135	0	0
IS	2692	2118	2117	1	0
IS	2693	2063	2062	1	0
IS	2694	2075	2074	1	0
IS	2695	2015	2013	2	0
IS	2696	2112	2111	1	0
IS	2697	2060	2059	1	0
IS	2698	2128	2125	3	0
IS	2699	2040	2039	1	0
IS	2700	2114	2113	1	0
IS	2701	2097	2096	1	0
IS	2702	1993	1992	1	0
IS	2703	2151	2150	1	0
IS	2704	2060	2059	1	0
IS	2705	2084	2084	0	0
IS	2706	2148	2146	2	0
IS	2707	2108	2107	1	0
IS	2708	2155	2154	1	0
IS	2709	2254	2252	2	0
IS	2710	2115	2115	0	0
IS	2711	2056	2056	0	0
IS	2712	2043	2043	0	0
IS	2713	2254	2253	1	0
IS	2714	2116	2114	2	0
IS	2715	2114	2114	0	0
IS	2716	2033	2032	1	0
IS	2717	2035	2035	0	0
IS	2718	2094	2092	2	0
IS	2719	2062	2062	0	0
IS	2720	2164	2163	1	0
IS	2721	2136	2134	2	0
IS	2722	2169	2168	1	0
IS	2723	2190	2190	0	0
IS	2724	2046	2045	1	0
IS	2725	2105	2103	2	0
IS	2726	2214	2211	3	0
IS	2727	2102	2100	2	0
IS	2728	2210	2209	1	0
IS	2729	2034	2034	0	0
IS	2730	2067	2067	0	0
IS	2731	2119	2118	1	0
IS	2732	2141	2140	1	0
IS	2733	2116	2115	1	0
IS	2734	2059	2059	0	0
IS	2735	2114	2113	1	0
IS	2736	2116	2116	0	0
IS	2737	2166	2165	1	0
IS	2738	2100	2099	1	0
IS	2739	2106	2105	1	0
IS	2740	2075	2074	1	0
IS	2741	2188	2188	0	0
IS	2742	2039	2038	1	0
IS	2743	2041	2040	1	0
IS	2744	2197	2196	1	0
IS	2745	2135	2134	1	0
IS	2746	2041	2041	0	0
IS	2747	2005	2005	0	0
IS	2748	2032	2032	0	0
IS	2749	2090	2090	0	0
IS	2750	1976	1976	0	0
IS	2751	2046	2046	0	0
IS	2752	2032	2031	1	0
IS	2753	1981	1981	0	0
IS	2754	2101	2100	1	0
IS	2755	2151	2150	1	0
IS	2756	2005	2005	0	0
IS	2757	2070	2070	0	0
IS	2758	2079	2077	2	0
IS	2759	1983	1982	1	0
IS	2760	2017	2016	1	0
IS	2761	2095	2095	0	0
IS	2762	1962	1962	0	0
IS	2763	2131	2130	1	0
IS	2764	2038	2038	0	0
IS	2765	1987	1986	1	0
IS	2766	2068	2068	0	0
IS	2767	2040	2039	1	0
IS	2768	2016	2015	1	0
IS	2769	2022	2021	1	0
IS	2770	2008	2007	1	0
IS	2771	2018	2016	2	0
IS	2772	2007	2006	1	0
IS	2773	2107	2107	0	0
IS	2774	2057	2057	0	0
IS	2775	2091	2091	0	0
IS	2776	2143	2143	0	0
IS	2777	2042	2041	1	0
IS	2778	2159	2158	1	0
IS	2779	2086	2082	4	0
IS	2780	2061	2060	1	0
IS	2781	2078	2078	0	0
IS	2782	2069	2069	0	0
IS	2783	2135	2135	0	0
IS	2784	2057	2057	0	0
IS	2785	2058	2057	1	0
IS	2786	2069	2069	0	0
IS	2787	2016	2016	0	0
IS	2788	2006	2005	1	0
IS	2789	1933	1933	0	0
IS	2790	2084	2084	0	0
IS	2791	1947	1947	0	0
IS	2792	2172	2170	2	0
IS	2793	2054	2053	1	0
IS	2794	2075	2075	0	0
IS	2795	1990	1989	1	0
IS	2796	2053	2052	1	0
IS	2797	1985	1984	1	0
IS	2798	1980	1980	0	0
IS	2799	2050	2049	1	0
IS	2800	2059	2059	0	0
IS	2801	1975	1975	0	0
IS	2802	2031	2030	1	0
IS	2803	2021	2020	1	0
IS	2804	2040	2039	1	0
IS	2805	2026	2026	0	0
IS	2806	2021	2018	3	0
IS	2807	2126	2126	0	0
IS	2808	2018	2017	1	0
IS	2809	2064	2064	0	0
IS	2810	2105	2105	0	0
IS	2811	2044	2043	1	0
IS	2812	2022	2021	1	0
IS	2813	1972	1972	0	0
IS	2814	2087	2087	0	0
IS	2815	1968	1968	0	0
IS	2816	2002	2000	2	0
IS	2817	2103	2103	0	0
IS	2818	2017	2017	0	0
IS	2819	1998	1997	1	0
IS	2820	2010	2010	0	0
IS	2821	2183	2183	0	0
IS	2822	2029	2029	0	0
IS	2823	2041	2039	2	0
IS	2824	2029	2027	2	0
IS	2825	2017	2017	0	0
IS	2826	1965	1965	0	0
IS	2827	1901	1901	0	0
IS	2828	1938	1938	0	0
IS	2829	2059	2058	1	0
IS	2830	2047	2046	1	0
IS	2831	1979	1979	0	0
IS	2832	2158	2156	2	0
IS	2833	2040	2040	0	0
IS	2834	2048	2048	0	0
IS	2835	1985	1984	1	0
IS	2836	2015	2014	1	0
IS	2837	2059	2058	1	0
IS	2838	1942	1941	1	0
IS	2839	2010	2009	1	0
IS	2840	1997	1996	1	0
IS	2841	1975	1975	0	0
IS	2842	1989	1988	1	0
IS	2843	2079	2079	0	0
IS	2844	1949	1948	1	0
IS	2845	1980	1979	1	0
IS	2846	1859	1858	1	0
IS	2847	1972	1970	2	0
IS	2848	2013	2010	3	0
IS	2849	2017	2015	2	0
IS	2850	2004	2001	3	0
IS	2851	1953	1953	0	0
IS	2852	2086	2086	0	0
IS	2853	1937	1937	0	0
IS	2854	2058	2057	1	0
IS	2855	2018	2017	1	0
IS	2856	1922	1921	1	0
IS	2857	2038	2037	1	0
IS	2858	2090	2089	1	0
IS	2859	2052	2052	0	0
IS	2860	2067	2067	0	0
IS	2861	2042	2041	1	0
IS	2862	2020	2019	1	0
IS	2863	2045	2044	1	0
IS	2864	2057	2056	1	0
IS	2865	1836	1836	0	0
IS	2866	2075	2074	1	0
IS	2867	1943	1942	1	0
IS	2868	1941	1941	0	0
IS	2869	2017	2017	0	0
IS	2870	1943	1943	0	0
IS	2871	2016	2016	0	0
IS	2872	1886	1886	0	0
IS	2873	2004	2003	1	0
IS	2874	1867	1867	0	0
IS	2875	1875	1874	1	0
IS	2876	1942	1942	0	0
IS	2877	2059	2059	0	0
IS	2878	1956	1955	1	0
IS	2879	2107	2107	0	0
IS	2880	1908	1908	0	0
IS	2881	1976	1975	1	0
IS	2882	1929	1928	1	0
IS	2883	2012	2010	2	0
IS	2884	1955	1955	0	0
IS	2885	2010	2009	1	0
IS	2886	1988	1988	0	0
IS	2887	1911	1910	1	0
IS	2888	2081	2081	0	0
IS	2889	1947	1947	0	0
IS	2890	1956	1956	0	0
IS	2891	1931	1931	0	0
IS	2892	1976	1976	0	0
IS	2893	1913	1912	1	0
IS	2894	1966	1965	1	0
IS	2895	1884	1883	1	0
IS	2896	1983	1982	1	0
IS	2897	1959	1958	1	0
IS	2898	1985	1984	1	0
IS	2899	1954	1952	2	0
IS	2900	2058	2057	1	0
IS	2901	1905	1905	0	0
IS	2902	1933	1932	1	0
IS	2903	1994	1994	0	0
IS	2904	1894	1894	0	0
IS	2905	1984	1984	0	0
IS	2906	1863	1863	0	0
IS	2907	2026	2024	2	0
IS	2908	2040	2038	2	0
IS	2909	2004	2004	0	0
IS	2910	1860	1860	0	0
IS	2911	2013	2012	1	0
IS	2912	1999	1998	1	0
IS	2913	1973	1973	0	0
IS	2914	1943	1942	1	0
IS	2915	1906	1903	3	0
IS	2916	1942	1942	0	0
IS	2917	1968	1968	0	0
IS	2918	2010	2009	1	0
IS	2919	1992	1991	1	0
IS	2920	1962	1961	1	0
IS	2921	1918	1918	0	0
IS	2922	1934	1934	0	0
IS	2923	1900	1899	1	0
IS	2924	1980	1980	0	0
IS	2925	1947	1946	1	0
IS	2926	1941	1940	1	0
IS	2927	1966	1965	1	0
IS	2928	1938	1938	0	0
IS	2929	1996	1996	0	0
IS	2930	2025	2025	0	0
IS	2931	1873	1873	0	0
IS	2932	1934	1933	1	0
IS	2933	1898	1896	2	0
IS	2934	1861	1860	1	0
IS	2935	1904	1904	0	0
IS	2936	1975	1974	1	0
IS	2937	1970	1969	1	0
IS	2938	1861	1858	3	0
IS	2939	1916	1916	0	0
IS	2940	1885	1882	3	0
IS	2941	1837	1837	0	0
IS	2942	1922	1922	0	0
IS	2943	1855	1854	1	0
IS	2944	1834	1833	1	0
IS	2945	1909	1909	0	0
IS	2946	1934	1933	1	0
IS	2947	1817	1817	0	0
IS	2948	1929	1928	1	0
IS	2949	1870	1869	1	0
IS	2950	1863	1860	3	0
IS	2951	1867	1866	1	0
IS	2952	1961	1959	2	0
IS	2953	1833	1833	0	0
IS	2954	1857	1857	0	0
IS	2955	1916	1916	0	0
IS	2956	1837	1836	1	0
IS	2957	1886	1886	0	0
IS	2958	1869	1868	1	0
IS	2959	1866	1866	0	0
IS	2960	1998	1997	1	0
IS	2961	1873	1872	1	0
IS	2962	1752	1751	1	0
IS	2963	1839	1838	1	0
IS	2964	1875	1874	1	0
IS	2965	1825	1825	0	0
IS	2966	1866	1864	2	0
IS	2967	1908	1908	0	0
IS	2968	1816	1815	1	0
IS	2969	1877	1875	2	0
IS	2970	1757	1757	0	0
IS	2971	1955	1954	1	0
IS	2972	1839	1839	0	0
IS	2973	1836	1835	1	0
IS	2974	1846	1843	3	0
IS	2975	1821	1821	0	0
IS	2976	1861	1859	2	0
IS	2977	1917	1915	2	0
IS	2978	1895	1895	0	0
IS	2979	1902	1901	1	0
IS	2980	1833	1832	1	0
IS	2981	1848	1848	0	0
IS	2982	1820	1820	0	0
IS	2983	1963	1963	0	0
IS	2984	1780	1780	0	0
IS	2985	1947	1945	2	0
IS	2986	1830	1829	1	0
IS	2987	1863	1863	0	0
IS	2988	1852	1851	1	0
IS	2989	1887	1887	0	0
IS	2990	1893	1893	0	0
IS	2991	1954	1952	2	0
IS	2992	1906	1906	0	0
IS	2993	1832	1832	0	0
IS	2994	1922	1921	1	0
IS	2995	1847	1847	0	0
IS	2996	1863	1863	0	0
IS	2997	1828	1827	1	0
IS	2998	1891	1891	0	0
IS	2999	1920	1920	0	0
IS	3000	1932	1932	0	0
IS	3001	1829	1829	0	0
IS	3002	1864	1863	1	0
IS	3003	1930	1929	1	0
IS	3004	1823	1823	0	0
IS	3005	1895	1895	0	0
IS	3006	1980	1980	0	0
IS	3007	1941	1941	0	0
IS	3008	1809	1809	0	0
IS	3009	1884	1883	1	0
IS	3010	1858	1857	1	0
IS	3011	1903	1903	0	0
IS	3012	1911	1911	0	0
IS	3013	1881	1881	0	0
IS	3014	1849	1849	0	0
IS	3015	1929	1929	0	0
IS	3016	1977	1976	1	0
IS	3017	1878	1878	0	0
IS	3018	1902	1902	0	0
IS	3019	1863	1862	1	0
IS	3020	1936	1934	2	0
IS	3021	1923	1922	1	0
IS	3022	1935	1933	2	0
IS	3023	1967	1967	0	0
IS	3024	2031	2030	1	0
IS	3025	1917	1916	1	0
IS	3026	1837	1837	0	0
IS	3027	1904	1904	0	0
IS	3028	1931	1929	2	0
IS	3029	1950	1950	0	0
IS	3030	1892	1892	0	0
IS	3031	1858	1858	0	0
IS	3032	1916	1915	1	0
IS	3033	1871	1871	0	0
IS	3034	1903	1903	0	0
IS	3035	1836	1836	0	0
IS	3036	1952	1952	0	0
IS	3037	1783	1783	0	0
IS	3038	1888	1888	0	0
IS	3039	1912	1910	2	0
IS	3040	1886	1885	1	0
IS	3041	1856	1855	1	0
IS	3042	1955	1954	1	0
IS	3043	1894	1894	0	0
IS	3044	1824	1822	2	0
IS	3045	1834	1833	1	0
IS	3046	1978	1977	1	0
IS	3047	1950	1949	1	0
IS	3048	1806	1805	1	0
IS	3049	1876	1875	1	0
IS	3050	1914	1913	1	0
IS	3051	2032	2030	2	0
IS	3052	1908	1908	0	0
IS	3053	1895	1894	1	0
IS	3054	1843	1842	1	0
IS	3055	1865	1865	0	0
IS	3056	1918	1918	0	0
IS	3057	1887	1887	0	0
IS	3058	1859	1858	1	0
IS	3059	1840	1840	0	0
IS	3060	1842	1841	1	0
IS	3061	1852	1851	1	0
IS	3062	1842	1842	0	0
IS	3063	1857	1857	0	0
IS	3064	1801	1800	1	0
IS	3065	1899	1899	0	0
IS	3066	1929	1928	1	0
IS	3067	1933	1932	1	0
IS	3068	1826	1826	0	0
IS	3069	1901	1900	1	0
IS	3070	1893	1893	0	0
IS	3071	1835	1835	0	0
IS	3072	1896	1896	0	0
IS	3073	1861	1860	1	0
IS	3074	1974	1974	0	0
IS	3075	1819	1819	0	0
IS	3076	1827	1827	0	0
IS	3077	1873	1872	1	0
IS	3078	1841	1841	0	0
IS	3079	1888	1887	1	0
IS	3080	1832	1832	0	0
IS	3081	1837	1837	0	0
IS	3082	1921	1921	0	0
IS	3083	1900	1900	0	0
IS	3084	1910	1908	2	0
IS	3085	1815	1815	0	0
IS	3086	1918	1918	0	0
IS	3087	1938	1938	0	0
IS	3088	1795	1795	0	0
IS	3089	1844	1842	2	0
IS	3090	1895	1894	1	0
IS	3091	1809	1808	1	0
IS	3092	1883	1883	0	0
IS	3093	1850	1850	0	0
IS	3094	1834	1833	1	0
IS	3095	1883	1883	0	0
IS	3096	1792	1792	0	0
IS	3097	1823	1822	1	0
IS	3098	1824	1823	1	0
IS	3099	1969	1969	0	0
IS	3100	1809	1808	1	0
IS	3101	1780	1780	0	0
IS	3102	1823	1823	0	0
IS	3103	1823	1823	0	0
IS	3104	1796	1795	1	0
IS	3105	1847	1846	1	0
IS	3106	1791	1791	0	0
IS	3107	1814	1812	2	0
IS	3108	1815	1814	1	0
IS	3109	1929	1929	0	0
IS	3110	1796	1796	0	0
IS	3111	1732	1732	0	0
IS	3112	1717	1716	1	0
IS	3113	1827	1827	0	0
IS	3114	1761	1761	0	0
IS	3115	1913	1913	0	0
IS	3116	1706	1704	2	0
IS	3117	1799	1799	0	0
IS	3118	1829	1828	1	0
IS	3119	1791	1791	0	0
IS	3120	1748	1748	0	0
IS	3121	1869	1868	1	0
IS	3122	1714	1714	0	0
IS	3123	1798	1798	0	0
IS	3124	1824	1824	0	0
IS	3125	1763	1763	0	0
IS	3126	1826	1825	1	0
IS	3127	1755	1755	0	0
IS	3128	1801	1800	1	0
IS	3129	1781	1780	1	0
IS	3130	1718	1717	1	0
IS	3131	1797	1797	0	0
IS	3132	1848	1848	0	0
IS	3133	1746	1746	0	0
IS	3134	1730	1730	0	0
IS	3135	1803	1802	1	0
IS	3136	1819	1818	1	0
IS	3137	1736	1736	0	0
IS	3138	1787	1787	0	0
IS	3139	1848	1848	0	0
IS	3140	1825	1825	0	0
IS	3141	1693	1692	1	0
IS	3142	1850	1849	1	0
IS	3143	1803	1803	0	0
IS	3144	1863	1863	0	0
IS	3145	1796	1796	0	0
IS	3146	1756	1756	0	0
IS	3147	1813	1812	1	0
IS	3148	1761	1761	0	0
IS	3149	1752	1752	0	0
IS	3150	1858	1856	2	0
IS	3151	1871	1870	1	0
IS	3152	1784	1783	1	0
IS	3153	1754	1752	2	0
IS	3154	1809	1809	0	0
IS	3155	1753	1753	0	0
IS	3156	1734	1734	0	0
IS	3157	1810	1809	1	0
IS	3158	1804	1804	0	0
IS	3159	1730	1729	1	0
IS	3160	1875	1875	0	0
IS	3161	1741	1741	0	0
IS	3162	1780	1780	0	0
IS	3163	1714	1714	0	0
IS	3164	1646	1646	0	0
IS	3165	1818	1818	0	0
IS	3166	1653	1652	1	0
IS	3167	1734	1734	0	0
IS	3168	1696	1696	0	0
IS	3169	1771	1771	0	0
IS	3170	1768	1766	2	0
IS	3171	1779	1779	0	0
IS	3172	1766	1766	0	0
IS	3173	1769	1769	0	0
IS	3174	1671	1671	0	0
IS	3175	1747	1747	0	0
IS	3176	1783	1783	0	0
IS	3177	1718	1718	0	0
IS	3178	1755	1755	0	0
IS	3179	1775	1774	1	0
IS	3180	1794	1793	1	0
IS	3181	1674	1674	0	0
IS	3182	1781	1781	0	0
IS	3183	1710	1709	1	0
IS	3184	1739	1738	1	0
IS	3185	1730	1729	1	0
IS	3186	1672	1672	0	0
IS	3187	1678	1678	0	0
IS	3188	1716	1716	0	0
IS	3189	1767	1766	1	0
IS	3190	1789	1789	0	0
IS	3191	1841	1840	1	0
IS	3192	1757	1757	0	0
IS	3193	1750	1749	1	0
IS	3194	1804	1804	0	0
IS	3195	1749	1749	0	0
IS	3196	1793	1793	0	0
IS	3197	1695	1695	0	0
IS	3198	1735	1734	1	0
IS	3199	1772	1771	1	0
IS	3200	1750	1749	1	0
IS	3201	1769	1769	0	0
IS	3202	1667	1667	0	0
IS	3203	1795	1795	0	0
IS	3204	1786	1786	0	0
IS	3205	1772	1771	1	0
IS	3206	1770	1769	1	0
IS	3207	1744	1744	0	0
IS	3208	1851	1851	0	0
IS	3209	1749	1749	0	0
IS	3210	1755	1754	1	0
IS	3211	1759	1758	1	0
IS	3212	1869	1867	2	0
IS	3213	1738	1738	0	0
IS	3214	1805	1805	0	0
IS	3215	1750	1750	0	0
IS	3216	1745	1744	1	0
IS	3217	1705	1705	0	0
IS	3218	1780	1779	1	0
IS	3219	1723	1722	1	0
IS	3220	1746	1746	0	0
IS	3221	1749	1747	2	0
IS	3222	1844	1843	1	0
IS	3223	1731	1731	0	0
IS	3224	1710	1710	0	0
IS	3225	1830	1829	1	0
IS	3226	1770	1769	1	0
IS	3227	1731	1730	1	0
IS	3228	1644	1644	0	0
IS	3229	1817	1817	0	0
IS	3230	1802	1802	0	0
IS	3231	1773	1773	0	0
IS	3232	1770	1770	0	0
IS	3233	1671	1671	0	0
IS	3234	1712	1712	0	0
IS	3235	1744	1744	0	0
IS	3236	1717	1717	0	0
IS	3237	1780	1779	1	0
IS	3238	1671	1671	0	0
IS	3239	1711	1710	1	0
IS	3240	1708	1708	0	0
IS	3241	1785	1784	1	0
IS	3242	1744	1744	0	0
IS	3243	1712	1712	0	0
IS	3244	1639	1638	1	0
IS	3245	1770	1769	1	0
IS	3246	1746	1745	1	0
IS	3247	1735	1735	0	0
IS	3248	1761	1761	0	0
IS	3249	1765	1765	0	0
IS	3250	1766	1766	0	0
IS	3251	1698	1697	1	0
IS	3252	1727	1727	0	0
IS	3253	1694	1694	0	0
IS	3254	1690	1690	0	0
IS	3255	1674	1674	0	0
IS	3256	1682	1682	0	0
IS	3257	1655	1655	0	0
IS	3258	1688	1688	0	0
IS	3259	1631	1631	0	0
IS	3260	1727	1727	0	0
IS	3261	1735	1734	1	0
IS	3262	1732	1732	0	0
IS	3263	1695	1694	1	0
IS	3264	1701	1701	0	0
IS	3265	1619	1619	0	0
IS	3266	1739	1738	1	0
IS	3267	1686	1685	1	0
IS	3268	1710	1709	1	0
IS	3269	1605	1603	2	0
IS	3270	1656	1656	0	0
IS	3271	1710	1709	1	0
IS	3272	1680	1679	1	0
IS	3273	1723	1722	1	0
IS	3274	1645	1645	0	0
IS	3275	1672	1671	1	0
IS	3276	1696	1695	1	0
IS	3277	1703	1703	0	0
IS	3278	1688	1686	2	0
IS	3279	1713	1713	0	0
IS	3280	1618	1618	0	0
IS	3281	1688	1686	2	0
IS	3282	1653	1653	0	0
IS	3283	1607	1607	0	0
IS	3284	1723	1723	0	0
IS	3285	1738	1738	0	0
IS	3286	1650	1650	0	0
IS	3287	1700	1700	0	0
IS	3288	1751	1751	0	0
IS	3289	1759	1759	0	0
IS	3290	1659	1659	0	0
IS	3291	1680	1680	0	0
IS	3292	1714	1713	1	0
IS	3293	1664	1663	1	0
IS	3294	1624	1622	2	0
IS	3295	1670	1670	0	0
IS	3296	1766	1765	1	0
IS	3297	1663	1663	0	0
IS	3298	1688	1687	1	0
IS	3299	1757	1757	0	0
IS	3300	1685	1684	1	0
IS	3301	1730	1730	0	0
IS	3302	1666	1666	0	0
IS	3303	1665	1664	1	0
IS	3304	1719	1719	0	0
IS	3305	1763	1763	0	0
IS	3306	1675	1675	0	0
IS	3307	1728	1728	0	0
IS	3308	1680	1680	0	0
IS	3309	1743	1742	1	0
IS	3310	1657	1657	0	0
IS	3311	1727	1727	0	0
IS	3312	1705	1705	0	0
IS	3313	1697	1695	2	0
IS	3314	1655	1655	0	0
IS	3315	1674	1673	1	0
IS	3316	1636	1636	0	0
IS	3317	1720	1719	1	0
IS	3318	1661	1661	0	0
IS	3319	1574	1571	3	0
IS	3320	1705	1705	0	0
IS	3321	1634	1634	0	0
IS	3322	1723	1723	0	0
IS	3323	1650	1650	0	0
IS	3324	1710	1709	1	0
IS	3325	1621	1619	2	0
IS	3326	1643	1641	2	0
IS	3327	1706	1706	0	0
IS	3328	1654	1653	1	0
IS	3329	1768	1765	3	0
IS	3330	1752	1751	1	0
IS	3331	1619	1617	2	0
IS	3332	1704	1704	0	0
IS	3333	1690	1689	1	0
IS	3334	1712	1712	0	0
IS	3335	1654	1654	0	0
IS	3336	1703	1703	0	0
IS	3337	1677	1677	0	0
IS	3338	1709	1709	0	0
IS	3339	1687	1686	1	0
IS	3340	1578	1578	0	0
IS	3341	1657	1657	0	0
IS	3342	1738	1738	0	0
IS	3343	1621	1621	0	0
IS	3344	1638	1637	1	0
IS	3345	1663	1661	2	0
IS	3346	1642	1642	0	0
IS	3347	1643	1643	0	0
IS	3348	1622	1620	2	0
IS	3349	1636	1635	1	0
IS	3350	1730	1730	0	0
IS	3351	1643	1643	0	0
IS	3352	1587	1585	2	0
IS	3353	1677	1677	0	0
IS	3354	1570	1569	1	0
IS	3355	1644	1642	2	0
IS	3356	1624	1624	0	0
IS	3357	1642	1642	0	0
IS	3358	1731	1731	0	0
IS	3359	1661	1661	0	0
IS	3360	1661	1659	2	0
IS	3361	1629	1629	0	0
IS	3362	1644	1643	1	0
IS	3363	1669	1668	1	0
IS	3364	1682	1681	1	0
IS	3365	1726	1726	0	0
IS	3366	1678	1678	0	0
IS	3367	1650	1649	1	0
IS	3368	1637	1637	0	0
IS	3369	1603	1601	2	0
IS	3370	1670	1669	1	0
IS	3371	1686	1685	1	0
IS	3372	1632	1631	1	0
IS	3373	1597	1597	0	0
IS	3374	1595	1594	1	0
IS	3375	1711	1711	0	0
IS	3376	1678	1678	0	0
IS	3377	1748	1747	1	0
IS	3378	1617	1616	1	0
IS	3379	1671	1670	1	0
IS	3380	1699	1698	1	0
IS	3381	1599	1597	2	0
IS	3382	1658	1658	0	0
IS	3383	1687	1687	0	0
IS	3384	1617	1616	1	0
IS	3385	1608	1608	0	0
IS	3386	1687	1687	0	0
IS	3387	1661	1659	2	0
IS	3388	1640	1640	0	0
IS	3389	1691	1691	0	0
IS	3390	1714	1714	0	0
IS	3391	1698	1697	1	0
IS	3392	1693	1693	0	0
IS	3393	1634	1634	0	0
IS	3394	1716	1715	1	0
IS	3395	1680	1679	1	0
IS	3396	1617	1616	1	0
IS	3397	1619	1619	0	0
IS	3398	1615	1615	0	0
IS	3399	1735	1734	1	0
IS	3400	1689	1687	2	0
IS	3401	1723	1723	0	0
IS	3402	1680	1679	1	0
IS	3403	1656	1655	1	0
IS	3404	1598	1598	0	0
IS	3405	1645	1644	1	0
IS	3406	1688	1687	1	0
IS	3407	1634	1634	0	0
IS	3408	1624	1624	0	0
IS	3409	1649	1649	0	0
IS	3410	1661	1661	0	0
IS	3411	1746	1746	0	0
IS	3412	1640	1640	0	0
IS	3413	1681	1681	0	0
IS	3414	1651	1651	0	0
IS	3415	1597	1597	0	0
IS	3416	1563	1562	1	0
IS	3417	1674	1674	0	0
IS	3418	1600	1600	0	0
IS	3419	1625	1625	0	0
IS	3420	1655	1654	1	0
IS	3421	1619	1619	0	0
IS	3422	1681	1681	0	0
IS	3423	1622	1622	0	0
IS	3424	1544	1543	1	0
IS	3425	1603	1602	1	0
IS	3426	1582	1582	0	0
IS	3427	1680	1678	2	0
IS	3428	1721	1721	0	0
IS	3429	1671	1671	0	0
IS	3430	1725	1723	2	0
IS	3431	1655	1654	1	0
IS	3432	1578	1578	0	0
IS	3433	1619	1619	0	0
IS	3434	1621	1621	0	0
IS	3435	1575	1573	2	0
IS	3436	1725	1725	0	0
IS	3437	1666	1665	1	0
IS	3438	1615	1614	1	0
IS	3439	1587	1587	0	0
IS	3440	1583	1583	0	0
IS	3441	1542	1542	0	0
IS	3442	1609	1608	1	0
IS	3443	1603	1603	0	0
IS	3444	1629	1629	0	0
IS	3445	1607	1605	2	0
IS	3446	1678	1678	0	0
IS	3447	1688	1687	1	0
IS	3448	1494	1494	0	0
IS	3449	1656	1654	2	0
IS	3450	1556	1556	0	0
IS	3451	1536	1536	0	0
IS	3452	1562	1562	0	0
IS	3453	1626	1626	0	0
IS	3454	1613	1611	2	0
IS	3455	1555	1555	0	0
IS	3456	1642	1641	1	0
IS	3457	1524	1524	0	0
IS	3458	1588	1588	0	0
IS	3459	1636	1636	0	0
IS	3460	1571	1570	1	0
IS	3461	1609	1609	0	0
IS	3462	1637	1636	1	0
IS	3463	1650	1650	0	0
IS	3464	1689	1689	0	0
IS	3465	1615	1614	1	0
IS	3466	1589	1588	1	0
IS	3467	1655	1655	0	0
IS	3468	1589	1588	1	0
IS	3469	1546	1546	0	0
IS	3470	1572	1572	0	0
IS	3471	1595	1595	0	0
IS	3472	1543	1543	0	0
IS	3473	1499	1498	1	0
IS	3474	1584	1583	1	0
IS	3475	1651	1650	1	0
IS	3476	1622	1622	0	0
IS	3477	1641	1641	0	0
IS	3478	1707	1707	0	0
IS	3479	1584	1583	1	0
IS	3480	1653	1653	0	0
IS	3481	1575	1575	0	0
IS	3482	1552	1552	0	0
IS	3483	1471	1470	1	0
IS	3484	1657	1656	1	0
IS	3485	1548	1548	0	0
IS	3486	1524	1522	2	0
IS	3487	1567	1567	0	0
IS	3488	1560	1559	1	0
IS	3489	1633	1633	0	0
IS	3490	1526	1525	1	0
IS	3491	1597	1596	1	0
IS	3492	1531	1531	0	0
IS	3493	1530	1530	0	0
IS	3494	1547	1547	0	0
IS	3495	1569	1569	0	0
IS	3496	1475	1475	0	0
IS	3497	1528	1528	0	0
IS	3498	1560	1560	0	0
IS	3499	1524	1523	1	0
IS	3500	1437	1436	1	0
IS	3501	1563	1563	0	0
IS	3502	1552	1552	0	0
IS	3503	1524	1522	2	0
IS	3504	1603	1601	2	0
IS	3505	1522	1522	0	0
IS	3506	1557	1557	0	0
IS	3507	1510	1510	0	0
IS	3508	1629	1629	0	0
IS	3509	1490	1490	0	0
IS	3510	1573	1572	1	0
IS	3511	1501	1501	0	0
IS	3512	1570	1569	1	0
IS	3513	1511	1510	1	0
IS	3514	1571	1571	0	0
IS	3515	1551	1551	0	0
IS	3516	1545	1545	0	0
IS	3517	1452	1451	1	0
IS	3518	1614	1614	0	0
IS	3519	1536	1536	0	0
IS	3520	1534	1533	1	0
IS	3521	1509	1509	0	0
IS	3522	1435	1434	1	0
IS	3523	1568	1568	0	0
IS	3524	1492	1492	0	0
IS	3525	1522	1522	0	0
IS	3526	1501	1501	0	0
IS	3527	1513	1513	0	0
IS	3528	1507	1507	0	0
IS	3529	1521	1521	0	0
IS	3530	1545	1545	0	0
IS	3531	1322	1322	0	0
IS	3532	1461	1461	0	0
IS	3533	1536	1536	0	0
IS	3534	1516	1515	1	0
IS	3535	1422	1421	1	0
IS	3536	1449	1447	2	0
IS	3537	1441	1441	0	0
IS	3538	1571	1571	0	0
IS	3539	1399	1399	0	0
IS	3540	1477	1477	0	0
IS	3541	1479	1478	1	0
IS	3542	1482	1481	1	0
IS	3543	1487	1487	0	0
IS	3544	1421	1421	0	0
IS	3545	1493	1493	0	0
IS	3546	1489	1489	0	0
IS	3547	1542	1542	0	0
IS	3548	1502	1501	1	0
IS	3549	1550	1550	0	0
IS	3550	1473	1472	1	0
IS	3551	1417	1416	1	0
IS	3552	1518	1515	3	0
IS	3553	1436	1436	0	0
IS	3554	1462	1459	3	0
IS	3555	1530	1529	1	0
IS	3556	1464	1462	2	0
IS	3557	1538	1537	1	0
IS	3558	1457	1457	0	0
IS	3559	1383	1382	1	0
IS	3560	1455	1455	0	0
IS	3561	1499	1499	0	0
IS	3562	1446	1446	0	0
IS	3563	1402	1402	0	0
IS	3564	1505	1505	0	0
IS	3565	1491	1490	1	0
IS	3566	1492	1491	1	0
IS	3567	1447	1447	0	0
IS	3568	1467	1467	0	0
IS	3569	1478	1476	2	0
IS	3570	1520	1520	0	0
IS	3571	1507	1507	0	0
IS	3572	1471	1471	0	0
IS	3573	1437	1437	0	0
IS	3574	1461	1460	1	0
IS	3575	1471	1471	0	0
IS	3576	1362	1361	1	0
IS	3577	1535	1535	0	0
IS	3578	1603	1603	0	0
IS	3579	1423	1422	1	0
IS	3580	1455	1454	1	0
IS	3581	1557	1557	0	0
IS	3582	1420	1418	2	0
IS	3583	1424	1422	2	0
IS	3584	1479	1479	0	0
IS	3585	1459	1458	1	0
IS	3586	1457	1457	0	0
IS	3587	1505	1505	0	0
IS	3588	1463	1462	1	0
IS	3589	1426	1426	0	0
IS	3590	1530	1529	1	0
IS	3591	1411	1411	0	0
IS	3592	1530	1529	1	0
IS	3593	1529	1529	0	0
IS	3594	1466	1466	0	0
IS	3595	1476	1476	0	0
IS	3596	1490	1489	1	0
IS	3597	1420	1419	1	0
IS	3598	1471	1471	0	0
IS	3599	1422	1421	1	0
IS	3600	1405	1404	1	0
IS	3601	1463	1463	0	0
IS	3602	1550	1550	0	0
IS	3603	1512	1512	0	0
IS	3604	1417	1416	1	0
IS	3605	1374	1374	0	0
IS	3606	1409	1409	0	0
IS	3607	1524	1523	1	0
IS	3608	1366	1365	1	0
IS	3609	1445	1444	1	0
IS	3610	1501	1501	0	0
IS	3611	1500	1500	0	0
IS	3612	1360	1360	0	0
IS	3613	1480	1480	0	0
IS	3614	1451	1451	0	0
IS	3615	1565	1564	1	0
IS	3616	1518	1518	0	0
IS	3617	1443	1443	0	0
IS	3618	1498	1498	0	0
IS	3619	1491	1491	0	0
IS	3620	1461	1461	0	0
IS	3621	1504	1502	2	0
IS	3622	1357	1357	0	0
IS	3623	1460	1458	2	0
IS	3624	1461	1461	0	0
IS	3625	1520	1520	0	0
IS	3626	1493	1493	0	0
IS	3627	1475	1474	1	0
IS	3628	1449	1449	0	0
IS	3629	1483	1483	0	0
IS	3630	1512	1512	0	0
IS	3631	1458	1458	0	0
IS	3632	1445	1443	2	0
IS	3633	1491	1490	1	0
IS	3634	1467	1466	1	0
IS	3635	1495	1494	1	0
IS	3636	1461	1461	0	0
IS	3637	1464	1464	0	0
IS	3638	1411	1411	0	0
IS	3639	1440	1440	0	0
IS	3640	1458	1457	1	0
IS	3641	1504	1504	0	0
IS	3642	1481	1480	1	0
IS	3643	1427	1427	0	0
IS	3644	1419	1419	0	0
IS	3645	1416	1416	0	0
IS	3646	1348	1346	2	0
IS	3647	1469	1469	0	0
IS	3648	1468	1468	0	0
IS	3649	1417	1416	1	0
IS	3650	1415	1414	1	0
IS	3651	1563	1562	1	0
IS	3652	1400	1400	0	0
IS	3653	1478	1477	1	0
IS	3654	1469	1468	1	0
IS	3655	1449	1449	0	0
IS	3656	1525	1525	0	0
IS	3657	1461	1461	0	0
IS	3658	1461	1461	0	0
IS	3659	1495	1495	0	0
IS	3660	1546	1546	0	0
IS	3661	1489	1489	0	0
IS	3662	1501	1501	0	0
IS	3663	1410	1410	0	0
IS	3664	1393	1392	1	0
IS	3665	1403	1401	2	0
IS	3666	1455	1454	1	0
IS	3667	1492	1491	1	0
IS	3668	1503	1502	1	0
IS	3669	1458	1458	0	0
IS	3670	1458	1458	0	0
IS	3671	1470	1470	0	0
IS	3672	1348	1348	0	0
IS	3673	1532	1531	1	0
IS	3674	1479	1479	0	0
IS	3675	1397	1397	0	0
IS	3676	1418	1418	0	0
IS	3677	1363	1362	1	0
IS	3678	1487	1487	0	0
IS	3679	1476	1476	0	0
IS	3680	1377	1376	1	0
IS	3681	1468	1468	0	0
IS	3682	1435	1435	0	0
IS	3683	1351	1350	1	0
IS	3684	1403	1402	1	0
IS	3685	1404	1404	0	0
IS	3686	1436	1435	1	0
IS	3687	1437	1437	0	0
IS	3688	1302	1301	1	0
IS	3689	1470	1470	0	0
IS	3690	1415	1414	1	0
IS	3691	1456	1455	1	0
IS	3692	1409	1409	0	0
IS	3693	1421	1420	1	0
IS	3694	1455	1454	1	0
IS	3695	1396	1395	1	0
IS	3696	1406	1406	0	0
IS	3697	1523	1523	0	0
IS	3698	1418	1418	0	0
IS	3699	1471	1471	0	0
IS	3700	1437	1436	1	0
IS	3701	1436	1436	0	0
IS	3702	1477	1475	2	0
IS	3703	1408	1405	3	0
IS	3704	1417	1417	0	0
IS	3705	1457	1457	0	0
IS	3706	1416	1416	0	0
IS	3707	1435	1435	0	0
IS	3708	1441	1441	0	0
IS	3709	1460	1460	0	0
IS	3710	1385	1385	0	0
IS	3711	1470	1468	2	0
IS	3712	1429	1428	1	0
IS	3713	1359	1359	0	0
IS	3714	1450	1450	0	0
IS	3715	1398	1397	1	0
IS	3716	1496	1495	1	0
IS	3717	1451	1449	2	0
IS	3718	1430	1430	0	0
IS	3719	1363	1363	0	0
IS	3720	1438	1438	0	0
IS	3721	1385	1385	0	0
IS	3722	1342	1342	0	0
IS	3723	1370	1370	0	0
IS	3724	1413	1413	0	0
IS	3725	1541	1541	0	0
IS	3726	1407	1407	0	0
IS	3727	1351	1351	0	0
IS	3728	1540	1540	0	0
IS	3729	1414	1414	0	0
IS	3730	1470	1470	0	0
IS	3731	1467	1466	1	0
IS	3732	1445	1445	0	0
IS	3733	1473	1473	0	0
IS	3734	1449	1449	0	0
IS	3735	1509	1509	0	0
IS	3736	1458	1457	1	0
IS	3737	1485	1483	2	0
IS	3738	1461	1461	0	0
IS	3739	1474	1474	0	0
IS	3740	1434	1433	1	0
IS	3741	1519	1518	1	0
IS	3742	1476	1476	0	0
IS	3743	1480	1480	0	0
IS	3744	1440	1439	1	0
IS	3745	1480	1479	1	0
IS	3746	1439	1439	0	0
IS	3747	1475	1474	1	0
IS	3748	1528	1528	0	0
IS	3749	1516	1516	0	0
IS	3750	1464	1464	0	0
IS	3751	1568	1568	0	0
IS	3752	1480	1479	1	0
IS	3753	1467	1467	0	0
IS	3754	1518	1518	0	0
IS	3755	1452	1451	1	0
IS	3756	1512	1512	0	0
IS	3757	1441	1440	1	0
IS	3758	1427	1427	0	0
IS	3759	1421	1421	0	0
IS	3760	1479	1479	0	0
IS	3761	1446	1446	0	0
IS	3762	1465	1465	0	0
IS	3763	1383	1383	0	0
IS	3764	1430	1430	0	0
IS	3765	1404	1404	0	0
IS	3766	1477	1477	0	0
IS	3767	1487	1485	2	0
IS	3768	1360	1360	0	0
IS	3769	1507	1507	0	0
IS	3770	1454	1454	0	0
IS	3771	1496	1496	0	0
IS	3772	1418	1418	0	0
IS	3773	1532	1532	0	0
IS	3774	1510	1510	0	0
IS	3775	1442	1442	0	0
IS	3776	1453	1453	0	0
IS	3777	1420	1420	0	0
IS	3778	1422	1421	1	0
IS	3779	1446	1446	0	0
IS	3780	1421	1420	1	0
IS	3781	1484	1484	0	0
IS	3782	1387	1386	1	0
IS	3783	1434	1433	1	0
IS	3784	1456	1456	0	0
IS	3785	1440	1440	0	0
IS	3786	1302	1302	0	0
IS	3787	1423	1422	1	0
IS	3788	1432	1432	0	0
IS	3789	1388	1388	0	0
IS	3790	1337	1337	0	0
IS	3791	1351	1351	0	0
IS	3792	1386	1386	0	0
IS	3793	1448	1447	1	0
IS	3794	1322	1321	1	0
IS	3795	1514	1514	0	0
IS	3796	1381	1381	0	0
IS	3797	1419	1419	0	0
IS	3798	1355	1354	1	0
IS	3799	1381	1380	1	0
IS	3800	1408	1408	0	0
IS	3801	1355	1355	0	0
IS	3802	1481	1481	0	0
IS	3803	1370	1370	0	0
IS	3804	1382	1382	0	0
IS	3805	1374	1374	0	0
IS	3806	1363	1363	0	0
IS	3807	1423	1422	1	0
IS	3808	1345	1345	0	0
IS	3809	1428	1428	0	0
IS	3810	1409	1409	0	0
IS	3811	1408	1407	1	0
IS	3812	1397	1397	0	0
IS	3813	1376	1376	0	0
IS	3814	1336	1335	1	0
IS	3815	1333	1333	0	0
IS	3816	1385	1384	1	0
IS	3817	1426	1426	0	0
IS	3818	1477	1477	0	0
IS	3819	1417	1417	0	0
IS	3820	1398	1397	1	0
IS	3821	1412	1412	0	0
IS	3822	1396	1395	1	0
IS	3823	1329	1329	0	0
IS	3824	1446	1446	0	0
IS	3825	1365	1364	1	0
IS	3826	1389	1388	1	0
IS	3827	1419	1419	0	0
IS	3828	1472	1471	1	0
IS	3829	1384	1384	0	0
IS	3830	1322	1321	1	0
IS	3831	1421	1420	1	0
IS	3832	1339	1338	1	0
IS	3833	1343	1343	0	0
IS	3834	1438	1438	0	0
IS	3835	1348	1348	0	0
IS	3836	1397	1397	0	0
IS	3837	1528	1528	0	0
IS	3838	1438	1438	0	0
IS	3839	1429	1428	1	0
IS	3840	1409	1409	0	0
IS	3841	1448	1448	0	0
IS	3842	1318	1317	1	0
IS	3843	1291	1290	1	0
IS	3844	1375	1374	1	0
IS	3845	1356	1356	0	0
IS	3846	1432	1431	1	0
IS	3847	1401	1401	0	0
IS	3848	1320	1320	0	0
IS	3849	1405	1403	2	0
IS	3850	1444	1444	0	0
IS	3851	1463	1463	0	0
IS	3852	1452	1452	0	0
IS	3853	1373	1373	0	0
IS	3854	1453	1453	0	0
IS	3855	1521	1521	0	0
IS	3856	1371	1371	0	0
IS	3857	1362	1361	1	0
IS	3858	1375	1375	0	0
IS	3859	1407	1406	1	0
IS	3860	1396	1396	0	0
IS	3861	1396	1395	1	0
IS	3862	1449	1449	0	0
IS	3863	1319	1319	0	0
IS	3864	1383	1381	2	0
IS	3865	1398	1398	0	0
IS	3866	1411	1411	0	0
IS	3867	1429	1429	0	0
IS	3868	1383	1383	0	0
IS	3869	1562	1562	0	0
IS	3870	1494	1493	1	0
IS	3871	1365	1365	0	0
IS	3872	1454	1454	0	0
IS	3873	1394	1394	0	0
IS	3874	1467	1466	1	0
IS	3875	1403	1403	0	0
IS	3876	1402	1401	1	0
IS	3877	1486	1486	0	0
IS	3878	1395	1395	0	0
IS	3879	1393	1393	0	0
IS	3880	1409	1409	0	0
IS	3881	1374	1374	0	0
IS	3882	1428	1427	1	0
IS	3883	1417	1417	0	0
IS	3884	1389	1389	0	0
IS	3885	1434	1434	0	0
IS	3886	1440	1440	0	0
IS	3887	1436	1436	0	0
IS	3888	1476	1476	0	0
IS	3889	1362	1362	0	0
IS	3890	1430	1429	1	0
IS	3891	1497	1497	0	0
IS	3892	1455	1453	2	0
IS	3893	1479	1479	0	0
IS	3894	1425	1425	0	0
IS	3895	1421	1420	1	0
IS	3896	1446	1446	0	0
IS	3897	1418	1418	0	0
IS	3898	1450	1449	1	0
IS	3899	1409	1409	0	0
IS	3900	1383	1383	0	0
IS	3901	1430	1430	0	0
IS	3902	1566	1566	0	0
IS	3903	1353	1353	0	0
IS	3904	1448	1448	0	0
IS	3905	1494	1494	0	0
IS	3906	1422	1420	2	0
IS	3907	1361	1361	0	0
IS	3908	1460	1460	0	0
IS	3909	1442	1441	1	0
IS	3910	1445	1444	1	0
IS	3911	1382	1381	1	0
IS	3912	1376	1375	1	0
IS	3913	1406	1406	0	0
IS	3914	1359	1359	0	0
IS	3915	1377	1377	0	0
IS	3916	1471	1470	1	0
IS	3917	1444	1444	0	0
IS	3918	1385	1385	0	0
IS	3919	1379	1379	0	0
IS	3920	1457	1456	1	0
IS	3921	1445	1445	0	0
IS	3922	1336	1335	1	0
IS	3923	1333	1333	0	0
IS	3924	1402	1402	0	0
IS	3925	1426	1424	2	0
IS	3926	1357	1357	0	0
IS	3927	1434	1434	0	0
IS	3928	1392	1392	0	0
IS	3929	1401	1401	0	0
IS	3930	1424	1424	0	0
IS	3931	1315	1315	0	0
IS	3932	1385	1385	0	0
IS	3933	1407	1407	0	0
IS	3934	1368	1368	0	0
IS	3935	1338	1338	0	0
IS	3936	1391	1391	0	0
IS	3937	1367	1367	0	0
IS	3938	1321	1321	0	0
IS	3939	1408	1408	0	0
IS	3940	1375	1375	0	0
IS	3941	1328	1328	0	0
IS	3942	1388	1388	0	0
IS	3943	1341	1340	1	0
IS	3944	1328	1327	1	0
IS	3945	1370	1369	1	0
IS	3946	1399	1399	0	0
IS	3947	1344	1343	1	0
IS	3948	1418	1418	0	0
IS	3949	1382	1382	0	0
IS	3950	1324	1323	1	0
IS	3951	1339	1339	0	0
IS	3952	1389	1389	0	0
IS	3953	1345	1344	1	0
IS	3954	1348	1348	0	0
IS	3955	1300	1299	1	0
IS	3956	1366	1366	0	0
IS	3957	1407	1407	0	0
IS	3958	1357	1357	0	0
IS	3959	1384	1383	1	0
IS	3960	1335	1335	0	0
IS	3961	1297	1297	0	0
IS	3962	1286	1285	1	0
IS	3963	1309	1309	0	0
IS	3964	1332	1332	0	0
IS	3965	1248	1248	0	0
IS	3966	1369	1368	1	0
IS	3967	1317	1317	0	0
IS	3968	1322	1322	0	0
IS	3969	1381	1381	0	0
IS	3970	1300	1300	0	0
IS	3971	1300	1300	0	0
IS	3972	1281	1280	1	0
IS	3973	1356	1356	0	0
IS	3974	1303	1303	0	0
IS	3975	1369	1369	0	0
IS	3976	1326	1325	1	0
IS	3977	1257	1256	1	0
IS	3978	1368	1367	1	0
IS	3979	1286	1286	0	0
IS	3980	1356	1356	0	0
IS	3981	1314	1314	0	0
IS	3982	1349	1349	0	0
IS	3983	1292	1292	0	0
IS	3984	1261	1261	0	0
IS	3985	1230	1230	0	0
IS	3986	1250	1250	0	0
IS	3987	1265	1263	2	0
IS	3988	1244	1244	0	0
IS	3989	1301	1300	1	0
IS	3990	1375	1375	0	0
IS	3991	1275	1275	0	0
IS	3992	1278	1277	1	0
IS	3993	1339	1339	0	0
IS	3994	1286	1286	0	0
IS	3995	1308	1308	0	0
IS	3996	1324	1324	0	0
IS	3997	1226	1224	2	0
IS	3998	1280	1280	0	0
IS	3999	1287	1287	0	0
IS	4000	1277	1277	0	0
IS	4001	1240	1238	2	0
IS	4002	1351	1351	0	0
IS	4003	1306	1306	0	0
IS	4004	1321	1321	0	0
IS	4005	1347	1347	0	0
IS	4006	1360	1360	0	0
IS	4007	1265	1265	0	0
IS	4008	1354	1354	0	0
IS	4009	1262	1262	0	0
IS	4010	1382	1382	0	0
IS	4011	1337	1337	0	0
IS	4012	1290	1289	1	0
IS	4013	1281	1281	0	0
IS	4014	1244	1244	0	0
IS	4015	1336	1335	1	0
IS	4016	1255	1254	1	0
IS	4017	1266	1265	1	0
IS	4018	1270	1270	0	0
IS	4019	1317	1317	0	0
IS	4020	1313	1313	0	0
IS	4021	1335	1334	1	0
IS	4022	1276	1276	0	0
IS	4023	1289	1288	1	0
IS	4024	1311	1311	0	0
IS	4025	1245	1245	0	0
IS	4026	1369	1369	0	0
IS	4027	1290	1290	0	0
IS	4028	1312	1312	0	0
IS	4029	1277	1277	0	0
IS	4030	1274	1274	0	0
IS	4031	1248	1248	0	0
IS	4032	1229	1229	0	0
IS	4033	1384	1382	2	0
IS	4034	1229	1229	0	0
IS	4035	1270	1270	0	0
IS	4036	1309	1308	1	0
IS	4037	1339	1338	1	0
IS	4038	1350	1350	0	0
IS	4039	1297	1297	0	0
IS	4040	1321	1321	0	0
IS	4041	1369	1369	0	0
IS	4042	1284	1284	0	0
IS	4043	1285	1284	1	0
IS	4044	1387	1386	1	0
IS	4045	1254	1254	0	0
IS	4046	1309	1309	0	0
IS	4047	1351	1351	0	0
IS	4048	1298	1298	0	0
IS	4049	1282	1282	0	0
IS	4050	1197	1197	0	0
IS	4051	1216	1216	0	0
IS	4052	1315	1315	0	0
IS	4053	1231	1231	0	0
IS	4054	1302	1302	0	0
IS	4055	1313	1313	0	0
IS	4056	1246	1245	1	0
IS	4057	1235	1235	0	0
IS	4058	1254	1254	0	0
IS	4059	1212	1211	1	0
IS	4060	1274	1274	0	0
IS	4061	1281	1281	0	0
IS	4062	1369	1369	0	0
IS	4063	1229	1229	0	0
IS	4064	1270	1270	0	0
IS	4065	1163	1163	0	0
IS	4066	1239	1239	0	0
IS	4067	1239	1239	0	0
IS	4068	1174	1174	0	0
IS	4069	1166	1166	0	0
IS	4070	1247	1247	0	0
IS	4071	1219	1219	0	0
IS	4072	1261	1261	0	0
IS	4073	1201	1201	0	0
IS	4074	1253	1252	1	0
IS	4075	1192	1192	0	0
IS	4076	1277	1277	0	0
IS	4077	1220	1219	1	0
IS	4078	1203	1203	0	0
IS	4079	1239	1239	0	0
IS	4080	1264	1264	0	0
IS	4081	1310	1310	0	0
IS	4082	1282	1280	2	0
IS	4083	1213	1213	0	0
IS	4084	1232	1231	1	0
IS	4085	1225	1225	0	0
IS	4086	1183	1182	1	0
IS	4087	1253	1252	1	0
IS	4088	1194	1194	0	0
IS	4089	1249	1249	0	0
IS	4090	1201	1201	0	0
IS	4091	1231	1231	0	0
IS	4092	1260	1260	0	0
IS	4093	1282	1281	1	0
IS	4094	1215	1215	0	0
IS	4095	1217	1217	0	0
IS	4096	1268	1268	0	0
IS	4097	1192	1191	1	0
IS	4098	1210	1209	1	0
IS	4099	1206	1205	1	0
IS	4100	1238	1237	1	0
IS	4101	1248	1248	0	0
IS	4102	1230	1230	0	0
IS	4103	1213	1213	0	0
IS	4104	1163	1163	0	0
IS	4105	1211	1211	0	0
IS	4106	1158	1158	0	0
IS	4107	1242	1241	1	0
IS	4108	1242	1240	2	0
IS	4109	1164	1164	0	0
IS	4110	1209	1209	0	0
IS	4111	1213	1212	1	0
IS	4112	1178	1178	0	0
IS	4113	1176	1176	0	0
IS	4114	1125	1125	0	0
IS	4115	1166	1166	0	0
IS	4116	1275	1275	0	0
IS	4117	1193	1193	0	0
IS	4118	1160	1160	0	0
IS	4119	1100	1099	1	0
IS	4120	1199	1199	0	0
IS	4121	1156	1155	1	0
IS	4122	1180	1180	0	0
IS	4123	1187	1187	0	0
IS	4124	1194	1194	0	0
IS	4125	1149	1149	0	0
IS	4126	1212	1212	0	0
IS	4127	1168	1166	2	0
IS	4128	1112	1112	0	0
IS	4129	1094	1094	0	0
IS	4130	1233	1233	0	0
IS	4131	1159	1158	1	0
IS	4132	1166	1166	0	0
IS	4133	1248	1248	0	0
IS	4134	1122	1122	0	0
IS	4135	1161	1161	0	0
IS	4136	1184	1184	0	0
IS	4137	1173	1173	0	0
IS	4138	1188	1188	0	0
IS	4139	1224	1224	0	0
IS	4140	1080	1080	0	0
IS	4141	1152	1152	0	0
IS	4142	1215	1214	1	0
IS	4143	1163	1163	0	0
IS	4144	1141	1141	0	0
IS	4145	1139	1138	1	0
IS	4146	1163	1162	1	0
IS	4147	1154	1154	0	0
IS	4148	1093	1093	0	0
IS	4149	1119	1119	0	0
IS	4150	1159	1159	0	0
IS	4151	1173	1173	0	0
IS	4152	1138	1138	0	0
IS	4153	1124	1124	0	0
IS	4154	1072	1072	0	0
IS	4155	1161	1161	0	0
IS	4156	1137	1137	0	0
IS	4157	1181	1180	1	0
IS	4158	1195	1195	0	0
IS	4159	1117	1117	0	0
IS	4160	1164	1164	0	0
IS	4161	1147	1147	0	0
IS	4162	1128	1128	0	0
IS	4163	1090	1089	1	0
IS	4164	1113	1113	0	0
IS	4165	1171	1171	0	0
IS	4166	1156	1156	0	0
IS	4167	1129	1129	0	0
IS	4168	1192	1192	0	0
IS	4169	1138	1138	0	0
IS	4170	1123	1123	0	0
IS	4171	1170	1169	1	0
IS	4172	1191	1191	0	0
IS	4173	1189	1189	0	0
IS	4174	1138	1138	0	0
IS	4175	1139	1139	0	0
IS	4176	1091	1091	0	0
IS	4177	1103	1103	0	0
IS	4178	1100	1099	1	0
IS	4179	1184	1184	0	0
IS	4180	1123	1122	1	0
IS	4181	1123	1123	0	0
IS	4182	1212	1211	1	0
IS	4183	1108	1108	0	0
IS	4184	1152	1152	0	0
IS	4185	1130	1130	0	0
IS	4186	1137	1137	0	0
IS	4187	1222	1222	0	0
IS	4188	1131	1130	1	0
IS	4189	1134	1134	0	0
IS	4190	1152	1152	0	0
IS	4191	1090	1090	0	0
IS	4192	1131	1131	0	0
IS	4193	1067	1067	0	0
IS	4194	1175	1175	0	0
IS	4195	1146	1146	0	0
IS	4196	1176	1176	0	0
IS	4197	1100	1100	0	0
IS	4198	1140	1140	0	0
IS	4199	1153	1152	1	0
IS	4200	1153	1153	0	0
IS	4201	1085	1085	0	0
IS	4202	1096	1095	1	0
IS	4203	1146	1146	0	0
IS	4204	1215	1214	1	0
IS	4205	1132	1132	0	0
IS	4206	1179	1179	0	0
IS	4207	1152	1152	0	0
IS	4208	1163	1161	2	0
IS	4209	1187	1187	0	0
IS	4210	1173	1172	1	0
IS	4211	1159	1159	0	0
IS	4212	1207	1206	1	0
IS	4213	1082	1082	0	0
IS	4214	1116	1116	0	0
IS	4215	1140	1140	0	0
IS	4216	1227	1227	0	0
IS	4217	1136	1136	0	0
IS	4218	1131	1131	0	0
IS	4219	1141	1141	0	0
IS	4220	1195	1195	0	0
IS	4221	1053	1053	0	0
IS	4222	1170	1169	1	0
IS	4223	1066	1066	0	0
IS	4224	1065	1065	0	0
IS	4225	1194	1194	0	0
IS	4226	1169	1169	0	0
IS	4227	1178	1178	0	0
IS	4228	1112	1112	0	0
IS	4229	1112	1112	0	0
IS	4230	1155	1155	0	0
IS	4231	1084	1084	0	0
IS	4232	1090	1090	0	0
IS	4233	1104	1104	0	0
IS	4234	1117	1117	0	0
IS	4235	1132	1132	0	0
IS	4236	1199	1199	0	0
IS	4237	1084	1084	0	0
IS	4238	1119	1118	1	0
IS	4239	1135	1135	0	0
IS	4240	1190	1190	0	0
IS	4241	1175	1175	0	0
IS	4242	1119	1118	1	0
IS	4243	1049	1048	1	0
IS	4244	1075	1075	0	0
IS	4245	1141	1141	0	0
IS	4246	1086	1085	1	0
IS	4247	1120	1120	0	0
IS	4248	1163	1163	0	0
IS	4249	1111	1111	0	0
IS	4250	1187	1187	0	0
IS	4251	1175	1174	1	0
IS	4252	1146	1146	0	0
IS	4253	1201	1201	0	0
IS	4254	1128	1128	0	0
IS	4255	1232	1232	0	0
IS	4256	1146	1145	1	0
IS	4257	1188	1187	1	0
IS	4258	1102	1101	1	0
IS	4259	1213	1213	0	0
IS	4260	1126	1126	0	0
IS	4261	1137	1137	0	0
IS	4262	1129	1129	0	0
IS	4263	1144	1143	1	0
IS	4264	1225	1225	0	0
IS	4265	1148	1148	0	0
IS	4266	1143	1142	1	0
IS	4267	1166	1166	0	0
IS	4268	1121	1120	1	0
IS	4269	1155	1155	0	0
IS	4270	1137	1137	0	0
IS	4271	1245	1245	0	0
IS	4272	1180	1180	0	0
IS	4273	1192	1192	0	0
IS	4274	1123	1123	0	0
IS	4275	1228	1228	0	0
IS	4276	1214	1214	0	0
IS	4277	1157	1157	0	0
IS	4278	1108	1108	0	0
IS	4279	1278	1278	0	0
IS	4280	1235	1234	1	0
IS	4281	1249	1249	0	0
IS	4282	1274	1273	1	0
IS	4283	1259	1259	0	0
IS	4284	1179	1179	0	0
IS	4285	1192	1192	0	0
IS	4286	1156	1156	0	0
IS	4287	1139	1139	0	0
IS	4288	1175	1175	0	0
IS	4289	1223	1223	0	0
IS	4290	1218	1218	0	0
IS	4291	1199	1199	0	0
IS	4292	1244	1244	0	0
IS	4293	1155	1155	0	0
IS	4294	1189	1189	0	0
IS	4295	1206	1205	1	0
IS	4296	1226	1226	0	0
IS	4297	1217	1217	0	0
IS	4298	1166	1165	1	0
IS	4299	1147	1147	0	0
IS	4300	1179	1178	1	0
IS	4301	1213	1212	1	0
IS	4302	1175	1175	0	0
IS	4303	1251	1251	0	0
IS	4304	1187	1187	0	0
IS	4305	1240	1239	1	0
IS	4306	1108	1107	1	0
IS	4307	1108	1108	0	0
IS	4308	1201	1201	0	0
IS	4309	1202	1201	1	0
IS	4310	1182	1182	0	0
IS	4311	1286	1286	0	0
IS	4312	1162	1162	0	0
IS	4313	1128	1128	0	0
IS	4314	1180	1180	0	0
IS	4315	1209	1209	0	0
IS	4316	1104	1104	0	0
IS	4317	1234	1234	0	0
IS	4318	1173	1172	1	0
IS	4319	1115	1115	0	0
IS	4320	1166	1166	0	0
IS	4321	1140	1140	0	0
IS	4322	1149	1149	0	0
IS	4323	1223	1223	0	0
IS	4324	1202	1202	0	0
IS	4325	1131	1131	0	0
IS	4326	1146	1146	0	0
IS	4327	1234	1234	0	0
IS	4328	1143	1143	0	0
IS	4329	1131	1131	0	0
IS	4330	1156	1156	0	0
IS	4331	1133	1133	0	0
IS	4332	1149	1149	0	0
IS	4333	1160	1160	0	0
IS	4334	1205	1205	0	0
IS	4335	1136	1136	0	0
IS	4336	1142	1141	1	0
IS	4337	1151	1151	0	0
IS	4338	1153	1153	0	0
IS	4339	1153	1153	0	0
IS	4340	1165	1165	0	0
IS	4341	1179	1179	0	0
IS	4342	1109	1109	0	0
IS	4343	1133	1133	0	0
IS	4344	1160	1158	2	0
IS	4345	1113	1113	0	0
IS	4346	1191	1191	0	0
IS	4347	1220	1220	0	0
IS	4348	1088	1088	0	0
IS	4349	1128	1128	0	0
IS	4350	1115	1114	1	0
IS	4351	1143	1143	0	0
IS	4352	1070	1069	1	0
IS	4353	1071	1070	1	0
IS	4354	1152	1152	0	0
IS	4355	1171	1170	1	0
IS	4356	1164	1163	1	0
IS	4357	1178	1178	0	0
IS	4358	1116	1116	0	0
IS	4359	1082	1082	0	0
IS	4360	1196	1196	0	0
IS	4361	1130	1130	0	0
IS	4362	1032	1032	0	0
IS	4363	1057	1057	0	0
IS	4364	1173	1173	0	0
IS	4365	1155	1154	1	0
IS	4366	1066	1066	0	0
IS	4367	1127	1127	0	0
IS	4368	1063	1063	0	0
IS	4369	1124	1124	0	0
IS	4370	1057	1057	0	0
IS	4371	1065	1064	1	0
IS	4372	1070	1070	0	0
IS	4373	1188	1187	1	0
IS	4374	1197	1196	1	0
IS	4375	1128	1127	1	0
IS	4376	1146	1146	0	0
IS	4377	1100	1100	0	0
IS	4378	1119	1119	0	0
IS	4379	1119	1119	0	0
IS	4380	1084	1084	0	0
IS	4381	1090	1090	0	0
IS	4382	1149	1149	0	0
IS	4383	1090	1090	0	0
IS	4384	1136	1135	1	0
IS	4385	1078	1078	0	0
IS	4386	1117	1117	0	0
IS	4387	1117	1117	0	0
IS	4388	1099	1099	0	0
IS	4389	1182	1182	0	0
IS	4390	1189	1189	0	0
IS	4391	1102	1102	0	0
IS	4392	1094	1094	0	0
IS	4393	1056	1056	0	0
IS	4394	1041	1039	2	0
IS	4395	1116	1115	1	0
IS	4396	1174	1174	0	0
IS	4397	1110	1110	0	0
IS	4398	1176	1176	0	0
IS	4399	1074	1073	1	0
IS	4400	1129	1129	0	0
IS	4401	1077	1077	0	0
IS	4402	1097	1097	0	0
IS	4403	1187	1187	0	0
IS	4404	1167	1166	1	0
IS	4405	1145	1145	0	0
IS	4406	1178	1177	1	0
IS	4407	1143	1142	1	0
IS	4408	1102	1102	0	0
IS	4409	1116	1116	0	0
IS	4410	1134	1134	0	0
IS	4411	1103	1103	0	0
IS	4412	1059	1059	0	0
IS	4413	1143	1143	0	0
IS	4414	1172	1172	0	0
IS	4415	1173	1173	0	0
IS	4416	1091	1091	0	0
IS	4417	1136	1136	0	0
IS	4418	1176	1175	1	0
IS	4419	1095	1095	0	0
IS	4420	1096	1096	0	0
IS	4421	1067	1067	0	0
IS	4422	1151	1150	1	0
IS	4423	1146	1146	0	0
IS	4424	1109	1109	0	0
IS	4425	1081	1081	0	0
IS	4426	1102	1101	1	0
IS	4427	1220	1220	0	0
IS	4428	1085	1084	1	0
IS	4429	1129	1129	0	0
IS	4430	1160	1160	0	0
IS	4431	1127	1127	0	0
IS	4432	1124	1123	1	0
IS	4433	1117	1117	0	0
IS	4434	1164	1163	1	0
IS	4435	1148	1147	1	0
IS	4436	1105	1104	1	0
IS	4437	1119	1119	0	0
IS	4438	1131	1131	0	0
IS	4439	1166	1166	0	0
IS	4440	1209	1209	0	0
IS	4441	1110	1109	1	0
IS	4442	1139	1139	0	0
IS	4443	1074	1074	0	0
IS	4444	1129	1128	1	0
IS	4445	1154	1154	0	0
IS	4446	1078	1078	0	0
IS	4447	1145	1145	0	0
IS	4448	1103	1103	0	0
IS	4449	1109	1108	1	0
IS	4450	1231	1229	2	0
IS	4451	1190	1190	0	0
IS	4452	1047	1047	0	0
IS	4453	1138	1137	1	0
IS	4454	1068	1067	1	0
IS	4455	1106	1106	0	0
IS	4456	1130	1129	1	0
IS	4457	1061	1061	0	0
IS	4458	1136	1136	0	0
IS	4459	1092	1092	0	0
IS	4460	1058	1058	0	0
IS	4461	1153	1152	1	0
IS	4462	1040	1040	0	0
IS	4463	1142	1142	0	0
IS	4464	1201	1201	0	0
IS	4465	1132	1132	0	0
IS	4466	1127	1126	1	0
IS	4467	1148	1148	0	0
IS	4468	1115	1115	0	0
IS	4469	1055	1055	0	0
IS	4470	1079	1079	0	0
IS	4471	1166	1166	0	0
IS	4472	1135	1135	0	0
IS	4473	1091	1091	0	0
IS	4474	1179	1179	0	0
IS	4475	1090	1090	0	0
IS	4476	1089	1089	0	0
IS	4477	1164	1164	0	0
IS	4478	1110	1109	1	0
IS	4479	1101	1101	0	0
IS	4480	1086	1086	0	0
IS	4481	1085	1085	0	0
IS	4482	1118	1118	0	0
IS	4483	1095	1095	0	0
IS	4484	1050	1050	0	0
IS	4485	1079	1079	0	0
IS	4486	1106	1105	1	0
IS	4487	1099	1099	0	0
IS	4488	1073	1073	0	0
IS	4489	1088	1088	0	0
IS	4490	1148	1148	0	0
IS	4491	1116	1115	1	0
IS	4492	1182	1182	0	0
IS	4493	1115	1115	0	0
IS	4494	1125	1125	0	0
IS	4495	1107	1107	0	0
IS	4496	1079	1079	0	0
IS	4497	1072	1072	0	0
IS	4498	1015	1015	0	0
IS	4499	1090	1090	0	0
IS	4500	1120	1120	0	0
IS	4501	1158	1158	0	0
IS	4502	1167	1167	0	0
IS	4503	1124	1124	0	0
IS	4504	1168	1168	0	0
IS	4505	1150	1149	1	0
IS	4506	1146	1146	0	0
IS	4507	1135	1135	0	0
IS	4508	1120	1120	0	0
IS	4509	1093	1093	0	0
IS	4510	1118	1118	0	0
IS	4511	1159	1159	0	0
IS	4512	1147	1147	0	0
IS	4513	1120	1120	0	0
IS	4514	1107	1107	0	0
IS	4515	1147	1147	0	0
IS	4516	1090	1089	1	0
IS	4517	1137	1136	1	0
IS	4518	1071	1071	0	0
IS	4519	1135	1135	0	0
IS	4520	1094	1094	0	0
IS	4521	1121	1121	0	0
IS	4522	1121	1121	0	0
IS	4523	1064	1064	0	0
IS	4524	1116	1116	0	0
IS	4525	1152	1152	0	0
IS	4526	1079	1079	0	0
IS	4527	1133	1133	0	0
IS	4528	1112	1112	0	0
IS	4529	1115	1115	0	0
IS	4530	1087	1087	0	0
IS	4531	1058	1058	0	0
IS	4532	1082	1082	0	0
IS	4533	1114	1114	0	0
IS	4534	1095	1095	0	0
IS	4535	1140	1140	0	0
IS	4536	1094	1093	1	0
IS	4537	1167	1167	0	0
IS	4538	1117	1117	0	0
IS	4539	1142	1141	1	0
IS	4540	1046	1046	0	0
IS	4541	1131	1130	1	0
IS	4542	1128	1128	0	0
IS	4543	1067	1067	0	0
IS	4544	1103	1103	0	0
IS	4545	1089	1089	0	0
IS	4546	1162	1161	1	0
IS	4547	1097	1097	0	0
IS	4548	1074	1074	0	0
IS	4549	1013	1013	0	0
IS	4550	1106	1105	1	0
IS	4551	1108	1107	1	0
IS	4552	1207	1207	0	0
IS	4553	1069	1068	1	0
IS	4554	1063	1063	0	0
IS	4555	1102	1100	2	0
IS	4556	1085	1084	1	0
IS	4557	1107	1107	0	0
IS	4558	1135	1134	1	0
IS	4559	1008	1008	0	0
IS	4560	1131	1131	0	0
IS	4561	1090	1090	0	0
IS	4562	1106	1106	0	0
IS	4563	1111	1111	0	0
IS	4564	1065	1065	0	0
IS	4565	1089	1089	0	0
IS	4566	1079	1079	0	0
IS	4567	1112	1112	0	0
IS	4568	1074	1073	1	0
IS	4569	1121	1121	0	0
IS	4570	1060	1060	0	0
IS	4571	1132	1132	0	0
IS	4572	1027	1027	0	0
IS	4573	1072	1072	0	0
IS	4574	1088	1088	0	0
IS	4575	1023	1023	0	0
IS	4576	1036	1034	2	0
IS	4577	1050	1050	0	0
IS	4578	1176	1176	0	0
IS	4579	1100	1099	1	0
IS	4580	1109	1108	1	0
IS	4581	1098	1098	0	0
IS	4582	1125	1125	0	0
IS	4583	1133	1133	0	0
IS	4584	1073	1073	0	0
IS	4585	1069	1069	0	0
IS	4586	1176	1176	0	0
IS	4587	1139	1138	1	0
IS	4588	1096	1096	0	0
IS	4589	1100	1099	1	0
IS	4590	1085	1085	0	0
IS	4591	1080	1079	1	0
IS	4592	1127	1127	0	0
IS	4593	1080	1080	0	0
IS	4594	1130	1129	1	0
IS	4595	1102	1102	0	0
IS	4596	1083	1083	0	0
IS	4597	1172	1172	0	0
IS	4598	1074	1074	0	0
IS	4599	1074	1074	0	0
IS	4600	1071	1071	0	0
IS	4601	1148	1148	0	0
IS	4602	1083	1083	0	0
IS	4603	1030	1030	0	0
IS	4604	1143	1143	0	0
IS	4605	1093	1093	0	0
IS	4606	1112	1112	0	0
IS	4607	1131	1131	0	0
IS	4608	1153	1152	1	0
IS	4609	1088	1088	0	0
IS	4610	1089	1089	0	0
IS	4611	1174	1173	1	0
IS	4612	1112	1111	1	0
IS	4613	1061	1061	0	0
IS	4614	1038	1037	1	0
IS	4615	1056	1056	0	0
IS	4616	1133	1133	0	0
IS	4617	1135	1134	1	0
IS	4618	1106	1106	0	0
IS	4619	1147	1146	1	0
IS	4620	1097	1097	0	0
IS	4621	1147	1147	0	0
IS	4622	1124	1124	0	0
IS	4623	1080	1079	1	0
IS	4624	1032	1032	0	0
IS	4625	1067	1067	0	0
IS	4626	1139	1137	2	0
IS	4627	1098	1098	0	0
IS	4628	1107	1107	0	0
IS	4629	1118	1117	1	0
IS	4630	1067	1066	1	0
IS	4631	1118	1118	0	0
IS	4632	1121	1121	0	0
IS	4633	1110	1109	1	0
IS	4634	1057	1057	0	0
IS	4635	1035	1035	0	0
IS	4636	1111	1111	0	0
IS	4637	1059	1059	0	0
IS	4638	1151	1151	0	0
IS	4639	1080	1080	0	0
IS	4640	1133	1132	1	0
IS	4641	1076	1076	0	0
IS	4642	1055	1055	0	0
IS	4643	1146	1146	0	0
IS	4644	1112	1112	0	0
IS	4645	1091	1091	0	0
IS	4646	1074	1074	0	0
IS	4647	1109	1109	0	0
IS	4648	1107	1107	0	0
IS	4649	1167	1167	0	0
IS	4650	1088	1088	0	0
IS	4651	1154	1154	0	0
IS	4652	1102	1102	0	0
IS	4653	1098	1098	0	0
IS	4654	1123	1123	0	0
IS	4655	1086	1086	0	0
IS	4656	1082	1082	0	0
IS	4657	1069	1069	0	0
IS	4658	1041	1040	1	0
IS	4659	1115	1115	0	0
IS	4660	1061	1061	0	0
IS	4661	1048	1048	0	0
IS	4662	1080	1079	1	0
IS	4663	1156	1156	0	0
IS	4664	1117	1117	0	0
IS	4665	1138	1138	0	0
IS	4666	1066	1066	0	0
IS	4667	1119	1119	0	0
IS	4668	1078	1078	0	0
IS	4669	1096	1096	0	0
IS	4670	1068	1068	0	0
IS	4671	1110	1110	0	0
IS	4672	1069	1069	0	0
IS	4673	1098	1097	1	0
IS	4674	1121	1121	0	0
IS	4675	1099	1099	0	0
IS	4676	1093	1093	0	0
IS	4677	1070	1070	0	0
IS	4678	1067	1067	0	0
IS	4679	1061	1061	0	0
IS	4680	1155	1154	1	0
IS	4681	1099	1099	0	0
IS	4682	1036	1036	0	0
IS	4683	1099	1099	0	0
IS	4684	1034	1034	0	0
IS	4685	1004	1003	1	0
IS	4686	1054	1053	1	0
IS	4687	1070	1070	0	0
IS	4688	1105	1105	0	0
IS	4689	1042	1042	0	0
IS	4690	1025	1025	0	0
IS	4691	1033	1033	0	0
IS	4692	1074	1074	0	0
IS	4693	1050	1049	1	0
IS	4694	1122	1122	0	0
IS	4695	1020	1020	0	0
IS	4696	1026	1025	1	0
IS	4697	1118	1118	0	0
IS	4698	1067	1067	0	0
IS	4699	1061	1061	0	0
IS	4700	995	994	1	0
IS	4701	1042	1042	0	0
IS	4702	1125	1124	1	0
IS	4703	1077	1077	0	0
IS	4704	1060	1059	1	0
IS	4705	1026	1026	0	0
IS	4706	1011	1008	3	0
IS	4707	1053	1053	0	0
IS	4708	969	969	0	0
IS	4709	1026	1026	0	0
IS	4710	1029	1029	0	0
IS	4711	1066	1066	0	0
IS	4712	1053	1053	0	0
IS	4713	1015	1015	0	0
IS	4714	1037	1037	0	0
IS	4715	1054	1054	0	0
IS	4716	1147	1147	0	0
IS	4717	1032	1032	0	0
IS	4718	1042	1042	0	0
IS	4719	1034	1032	2	0
IS	4720	1034	1033	1	0
IS	4721	1044	1044	0	0
IS	4722	1016	1016	0	0
IS	4723	1047	1047	0	0
IS	4724	1007	1007	0	0
IS	4725	973	973	0	0
IS	4726	1040	1040	0	0
IS	4727	1046	1046	0	0
IS	4728	1057	1057	0	0
IS	4729	1053	1053	0	0
IS	4730	955	955	0	0
IS	4731	1031	1031	0	0
IS	4732	1044	1044	0	0
IS	4733	1041	1041	0	0
IS	4734	1014	1013	1	0
IS	4735	981	981	0	0
IS	4736	1040	1040	0	0
IS	4737	971	971	0	0
IS	4738	1020	1020	0	0
IS	4739	1095	1095	0	0
IS	4740	1080	1080	0	0
IS	4741	1041	1041	0	0
IS	4742	1022	1022	0	0
IS	4743	1007	1007	0	0
IS	4744	1031	1031	0	0
IS	4745	1060	1060	0	0
IS	4746	1074	1074	0	0
IS	4747	1065	1064	1	0
IS	4748	1125	1125	0	0
IS	4749	1107	1107	0	0
IS	4750	1002	1001	1	0
IS	4751	1010	1010	0	0
IS	4752	1052	1051	1	0
IS	4753	996	996	0	0
IS	4754	997	996	1	0
IS	4755	1065	1065	0	0
IS	4756	1077	1077	0	0
IS	4757	1039	1039	0	0
IS	4758	1082	1082	0	0
IS	4759	1099	1099	0	0
IS	4760	1023	1023	0	0
IS	4761	1044	1044	0	0
IS	4762	1038	1038	0	0
IS	4763	994	994	0	0
IS	4764	1016	1016	0	0
IS	4765	982	982	0	0
IS	4766	992	992	0	0
IS	4767	1038	1038	0	0
IS	4768	1082	1082	0	0
IS	4769	1040	1040	0	0
IS	4770	1052	1052	0	0
IS	4771	996	996	0	0
IS	4772	1004	1003	1	0
IS	4773	1003	1003	0	0
IS	4774	1031	1031	0	0
IS	4775	1037	1037	0	0
IS	4776	1002	1002	0	0
IS	4777	977	977	0	0
IS	4778	1007	1006	1	0
IS	4779	1014	1014	0	0
IS	4780	1039	1038	1	0
IS	4781	1023	1023	0	0
IS	4782	1030	1030	0	0
IS	4783	1001	1001	0	0
IS	4784	1010	1010	0	0
IS	4785	1025	1025	0	0
IS	4786	986	986	0	0
IS	4787	1022	1022	0	0
IS	4788	1019	1019	0	0
IS	4789	957	957	0	0
IS	4790	989	989	0	0
IS	4791	982	982	0	0
IS	4792	1001	1000	1	0
IS	4793	999	999	0	0
IS	4794	1042	1041	1	0
IS	4795	1038	1038	0	0
IS	4796	1023	1023	0	0
IS	4797	956	956	0	0
IS	4798	1063	1063	0	0
IS	4799	1049	1049	0	0
IS	4800	1010	1010	0	0
IS	4801	1012	1012	0	0
IS	4802	1025	1025	0	0
IS	4803	991	991	0	0
IS	4804	1009	1009	0	0
IS	4805	1026	1026	0	0
IS	4806	900	899	1	0
IS	4807	999	998	1	0
IS	4808	1051	1051	0	0
IS	4809	1027	1027	0	0
IS	4810	1002	1002	0	0
IS	4811	998	998	0	0
IS	4812	985	985	0	0
IS	4813	996	996	0	0
IS	4814	1005	1005	0	0
IS	4815	1054	1053	1	0
IS	4816	1002	1002	0	0
IS	4817	973	973	0	0
IS	4818	1127	1127	0	0
IS	4819	1016	1016	0	0
IS	4820	968	968	0	0
IS	4821	936	936	0	0
IS	4822	1037	1037	0	0
IS	4823	952	952	0	0
IS	4824	1049	1049	0	0
IS	4825	1033	1033	0	0
IS	4826	1005	1005	0	0
IS	4827	1048	1048	0	0
IS	4828	958	958	0	0
IS	4829	987	987	0	0
IS	4830	925	925	0	0
IS	4831	1044	1044	0	0
IS	4832	1038	1038	0	0
IS	4833	1016	1016	0	0
IS	4834	990	990	0	0
IS	4835	1016	1016	0	0
IS	4836	958	958	0	0
IS	4837	980	980	0	0
IS	4838	976	976	0	0
IS	4839	990	990	0	0
IS	4840	909	909	0	0
IS	4841	946	946	0	0
IS	4842	962	962	0	0
IS	4843	906	906	0	0
IS	4844	934	934	0	0
IS	4845	1037	1037	0	0
IS	4846	1049	1049	0	0
IS	4847	965	965	0	0
IS	4848	927	927	0	0
IS	4849	953	953	0	0
IS	4850	968	968	0	0
IS	4851	887	887	0	0
IS	4852	980	980	0	0
IS	4853	985	985	0	0
IS	4854	998	998	0	0
IS	4855	1049	1049	0	0
IS	4856	1048	1048	0	0
IS	4857	948	948	0	0
IS	4858	914	914	0	0
IS	4859	971	971	0	0
IS	4860	1001	1001	0	0
IS	4861	930	930	0	0
IS	4862	1003	1001	2	0
IS	4863	1015	1015	0	0
IS	4864	913	912	1	0
IS	4865	923	923	0	0
IS	4866	944	944	0	0
IS	4867	936	936	0	0
IS	4868	997	996	1	0
IS	4869	942	942	0	0
IS	4870	960	959	1	0
IS	4871	992	992	0	0
IS	4872	863	863	0	0
IS	4873	949	949	0	0
IS	4874	877	877	0	0
IS	4875	937	937	0	0
IS	4876	920	920	0	0
IS	4877	914	914	0	0
IS	4878	899	899	0	0
IS	4879	843	843	0	0
IS	4880	962	962	0	0
IS	4881	933	933	0	0
IS	4882	926	926	0	0
IS	4883	900	900	0	0
IS	4884	842	842	0	0
IS	4885	884	884	0	0
IS	4886	940	940	0	0
IS	4887	838	838	0	0
IS	4888	953	953	0	0
IS	4889	838	838	0	0
IS	4890	876	876	0	0
IS	4891	873	873	0	0
IS	4892	921	921	0	0
IS	4893	865	865	0	0
IS	4894	874	874	0	0
IS	4895	877	877	0	0
IS	4896	887	887	0	0
IS	4897	864	864	0	0
IS	4898	853	853	0	0
IS	4899	930	929	1	0
IS	4900	931	931	0	0
IS	4901	921	921	0	0
IS	4902	870	870	0	0
IS	4903	842	842	0	0
IS	4904	897	897	0	0
IS	4905	826	826	0	0
IS	4906	883	883	0	0
IS	4907	917	917	0	0
IS	4908	890	890	0	0
IS	4909	855	854	1	0
IS	4910	839	838	1	0
IS	4911	801	801	0	0
IS	4912	828	827	1	0
IS	4913	858	858	0	0
IS	4914	846	846	0	0
IS	4915	888	888	0	0
IS	4916	870	870	0	0
IS	4917	850	850	0	0
IS	4918	895	895	0	0
IS	4919	910	909	1	0
IS	4920	874	873	1	0
IS	4921	867	867	0	0
IS	4922	880	880	0	0
IS	4923	892	892	0	0
IS	4924	882	882	0	0
IS	4925	825	825	0	0
IS	4926	791	791	0	0
IS	4927	879	879	0	0
IS	4928	840	840	0	0
IS	4929	837	837	0	0
IS	4930	879	879	0	0
IS	4931	862	862	0	0
IS	4932	845	845	0	0
IS	4933	815	815	0	0
IS	4934	873	873	0	0
IS	4935	831	829	2	0
IS	4936	890	890	0	0
IS	4937	835	835	0	0
IS	4938	806	806	0	0
IS	4939	888	888	0	0
IS	4940	886	886	0	0
IS	4941	889	888	1	0
IS	4942	888	888	0	0
IS	4943	820	819	1	0
IS	4944	841	841	0	0
IS	4945	819	818	1	0
IS	4946	842	842	0	0
IS	4947	826	826	0	0
IS	4948	871	871	0	0
IS	4949	874	874	0	0
IS	4950	777	776	1	0
IS	4951	891	890	1	0
IS	4952	855	855	0	0
IS	4953	873	872	1	0
IS	4954	857	857	0	0
IS	4955	890	890	0	0
IS	4956	895	895	0	0
IS	4957	832	832	0	0
IS	4958	839	839	0	0
IS	4959	856	855	1	0
IS	4960	849	847	2	0
IS	4961	855	853	2	0
IS	4962	817	817	0	0
IS	4963	839	838	1	0
IS	4964	787	787	0	0
IS	4965	925	925	0	0
IS	4966	806	806	0	0
IS	4967	808	808	0	0
IS	4968	847	846	1	0
IS	4969	818	818	0	0
IS	4970	833	833	0	0
IS	4971	880	880	0	0
IS	4972	837	837	0	0
IS	4973	867	867	0	0
IS	4974	821	821	0	0
IS	4975	896	896	0	0
IS	4976	940	940	0	0
IS	4977	903	903	0	0
IS	4978	824	824	0	0
IS	4979	827	827	0	0
IS	4980	850	850	0	0
IS	4981	875	875	0	0
IS	4982	842	842	0	0
IS	4983	814	814	0	0
IS	4984	897	897	0	0
IS	4985	840	840	0	0
IS	4986	933	933	0	0
IS	4987	878	878	0	0
IS	4988	954	954	0	0
IS	4989	867	867	0	0
IS	4990	885	885	0	0
IS	4991	810	810	0	0
IS	4992	883	883	0	0
IS	4993	931	930	1	0
IS	4994	920	920	0	0
IS	4995	835	835	0	0
IS	4996	921	920	1	0
IS	4997	847	847	0	0
IS	4998	970	970	0	0
IS	4999	848	848	0	0
IS	5000	899	899	0	0
IS	5001	867	867	0	0
IS	5002	897	897	0	0
IS	5003	935	935	0	0
IS	5004	874	874	0	0
IS	5005	843	843	0	0
IS	5006	853	853	0	0
IS	5007	892	892	0	0
IS	5008	947	947	0	0
IS	5009	911	911	0	0
IS	5010	928	928	0	0
IS	5011	899	899	0	0
IS	5012	874	874	0	0
IS	5013	855	855	0	0
IS	5014	902	902	0	0
IS	5015	901	901	0	0
IS	5016	992	991	1	0
IS	5017	867	867	0	0
IS	5018	830	830	0	0
IS	5019	836	836	0	0
IS	5020	868	868	0	0
IS	5021	847	847	0	0
IS	5022	882	882	0	0
IS	5023	856	856	0	0
IS	5024	932	932	0	0
IS	5025	843	843	0	0
IS	5026	802	802	0	0
IS	5027	858	857	1	0
IS	5028	829	829	0	0
IS	5029	828	828	0	0
IS	5030	806	805	1	0
IS	5031	888	888	0	0
IS	5032	827	827	0	0
IS	5033	915	915	0	0
IS	5034	859	858	1	0
IS	5035	866	866	0	0
IS	5036	891	891	0	0
IS	5037	872	872	0	0
IS	5038	828	828	0	0
IS	5039	818	818	0	0
IS	5040	906	906	0	0
IS	5041	914	914	0	0
IS	5042	822	822	0	0
IS	5043	900	899	1	0
IS	5044	836	836	0	0
IS	5045	852	852	0	0
IS	5046	872	872	0	0
IS	5047	938	938	0	0
IS	5048	886	886	0	0
IS	5049	886	886	0	0
IS	5050	872	872	0	0
IS	5051	869	869	0	0
IS	5052	892	891	1	0
IS	5053	901	901	0	0
IS	5054	843	843	0	0
IS	5055	872	871	1	0
IS	5056	912	912	0	0
IS	5057	861	860	1	0
IS	5058	826	826	0	0
IS	5059	885	885	0	0
IS	5060	841	841	0	0
IS	5061	924	924	0	0
IS	5062	858	858	0	0
IS	5063	896	896	0	0
IS	5064	875	875	0	0
IS	5065	828	828	0	0
IS	5066	924	922	2	0
IS	5067	851	851	0	0
IS	5068	898	897	1	0
IS	5069	906	906	0	0
IS	5070	852	852	0	0
IS	5071	933	933	0	0
IS	5072	943	943	0	0
IS	5073	871	871	0	0
IS	5074	865	865	0	0
IS	5075	822	822	0	0
IS	5076	832	832	0	0
IS	5077	918	918	0	0
IS	5078	849	849	0	0
IS	5079	842	842	0	0
IS	5080	869	868	1	0
IS	5081	867	867	0	0
IS	5082	885	885	0	0
IS	5083	955	954	1	0
IS	5084	857	857	0	0
IS	5085	857	857	0	0
IS	5086	848	848	0	0
IS	5087	836	836	0	0
IS	5088	841	841	0	0
IS	5089	908	908	0	0
IS	5090	908	908	0	0
IS	5091	845	844	1	0
IS	5092	875	875	0	0
IS	5093	857	856	1	0
IS	5094	879	879	0	0
IS	5095	891	891	0	0
IS	5096	789	789	0	0
IS	5097	832	831	1	0
IS	5098	873	873	0	0
IS	5099	848	848	0	0
IS	5100	836	836	0	0
IS	5101	826	825	1	0
IS	5102	894	894	0	0
IS	5103	805	805	0	0
IS	5104	898	897	1	0
IS	5105	805	803	2	0
IS	5106	827	827	0	0
IS	5107	837	837	0	0
IS	5108	839	839	0	0
IS	5109	844	844	0	0
IS	5110	865	865	0	0
IS	5111	868	867	1	0
IS	5112	891	891	0	0
IS	5113	835	834	1	0
IS	5114	825	825	0	0
IS	5115	843	843	0	0
IS	5116	889	889	0	0
IS	5117	825	825	0	0
IS	5118	900	899	1	0
IS	5119	850	849	1	0
IS	5120	870	870	0	0
IS	5121	828	828	0	0
IS	5122	835	835	0	0
IS	5123	836	836	0	0
IS	5124	862	862	0	0
IS	5125	821	821	0	0
IS	5126	865	865	0	0
IS	5127	883	882	1	0
IS	5128	877	877	0	0
IS	5129	890	890	0	0
IS	5130	861	860	1	0
IS	5131	836	836	0	0
IS	5132	901	901	0	0
IS	5133	808	808	0	0
IS	5134	884	883	1	0
IS	5135	838	838	0	0
IS	5136	923	923	0	0
IS	5137	940	940	0	0
IS	5138	874	874	0	0
IS	5139	860	859	1	0
IS	5140	874	874	0	0
IS	5141	842	842	0	0
IS	5142	924	924	0	0
IS	5143	878	878	0	0
IS	5144	828	828	0	0
IS	5145	942	941	1	0
IS	5146	928	928	0	0
IS	5147	812	810	2	0
IS	5148	905	904	1	0
IS	5149	912	912	0	0
IS	5150	901	901	0	0
IS	5151	931	931	0	0
IS	5152	940	940	0	0
IS	5153	868	868	0	0
IS	5154	889	888	1	0
IS	5155	887	887	0	0
IS	5156	926	926	0	0
IS	5157	909	909	0	0
IS	5158	859	858	1	0
IS	5159	904	904	0	0
IS	5160	861	860	1	0
IS	5161	832	832	0	0
IS	5162	879	879	0	0
IS	5163	856	856	0	0
IS	5164	903	903	0	0
IS	5165	873	873	0	0
IS	5166	916	916	0	0
IS	5167	920	920	0	0
IS	5168	821	821	0	0
IS	5169	912	912	0	0
IS	5170	915	915	0	0
IS	5171	933	932	1	0
IS	5172	909	909	0	0
IS	5173	923	923	0	0
IS	5174	927	927	0	0
IS	5175	954	954	0	0
IS	5176	878	877	1	0
IS	5177	932	932	0	0
IS	5178	929	929	0	0
IS	5179	846	846	0	0
IS	5180	950	950	0	0
IS	5181	872	872	0	0
IS	5182	878	878	0	0
IS	5183	926	926	0	0
IS	5184	899	899	0	0
IS	5185	900	900	0	0
IS	5186	846	846	0	0
IS	5187	859	859	0	0
IS	5188	898	898	0	0
IS	5189	880	880	0	0
IS	5190	899	899	0	0
IS	5191	915	915	0	0
IS	5192	910	910	0	0
IS	5193	928	928	0	0
IS	5194	818	818	0	0
IS	5195	940	939	1	0
IS	5196	935	935	0	0
IS	5197	965	965	0	0
IS	5198	946	946	0	0
IS	5199	945	944	1	0
IS	5200	841	841	0	0
IS	5201	887	887	0	0
IS	5202	866	866	0	0
IS	5203	887	887	0	0
IS	5204	921	921	0	0
IS	5205	959	959	0	0
IS	5206	840	840	0	0
IS	5207	828	828	0	0
IS	5208	867	866	1	0
IS	5209	904	904	0	0
IS	5210	912	912	0	0
IS	5211	817	817	0	0
IS	5212	893	892	1	0
IS	5213	916	916	0	0
IS	5214	809	809	0	0
IS	5215	915	915	0	0
IS	5216	873	873	0	0
IS	5217	871	871	0	0
IS	5218	905	905	0	0
IS	5219	897	897	0	0
IS	5220	874	874	0	0
IS	5221	902	902	0	0
IS	5222	898	898	0	0
IS	5223	879	879	0	0
IS	5224	977	977	0	0
IS	5225	840	840	0	0
IS	5226	803	803	0	0
IS	5227	871	871	0	0
IS	5228	864	864	0	0
IS	5229	913	913	0	0
IS	5230	839	839	0	0
IS	5231	835	835	0	0
IS	5232	829	829	0	0
IS	5233	867	867	0	0
IS	5234	881	881	0	0
IS	5235	883	883	0	0
IS	5236	838	838	0	0
IS	5237	894	894	0	0
IS	5238	841	841	0	0
IS	5239	849	849	0	0
IS	5240	821	821	0	0
IS	5241	881	881	0	0
IS	5242	815	815	0	0
IS	5243	826	826	0	0
IS	5244	828	828	0	0
IS	5245	831	831	0	0
IS	5246	840	840	0	0
IS	5247	825	825	0	0
IS	5248	838	838	0	0
IS	5249	881	881	0	0
IS	5250	837	837	0	0
IS	5251	845	845	0	0
IS	5252	839	839	0	0
IS	5253	915	915	0	0
IS	5254	845	845	0	0
IS	5255	853	853	0	0
IS	5256	785	784	1	0
IS	5257	825	825	0	0
IS	5258	805	805	0	0
IS	5259	843	843	0	0
IS	5260	848	848	0	0
IS	5261	797	797	0	0
IS	5262	822	822	0	0
IS	5263	835	835	0	0
IS	5264	843	843	0	0
IS	5265	935	935	0	0
IS	5266	831	830	1	0
IS	5267	808	808	0	0
IS	5268	927	927	0	0
IS	5269	879	879	0	0
IS	5270	805	805	0	0
IS	5271	789	788	1	0
IS	5272	866	866	0	0
IS	5273	833	832	1	0
IS	5274	831	831	0	0
IS	5275	882	882	0	0
IS	5276	838	838	0	0
IS	5277	821	821	0	0
IS	5278	851	850	1	0
IS	5279	796	796	0	0
IS	5280	822	822	0	0
IS	5281	823	823	0	0
IS	5282	796	796	0	0
IS	5283	855	855	0	0
IS	5284	871	871	0	0
IS	5285	882	882	0	0
IS	5286	811	811	0	0
IS	5287	791	791	0	0
IS	5288	872	872	0	0
IS	5289	860	860	0	0
IS	5290	805	805	0	0
IS	5291	829	828	1	0
IS	5292	777	777	0	0
IS	5293	874	874	0	0
IS	5294	843	843	0	0
IS	5295	842	842	0	0
IS	5296	898	898	0	0
IS	5297	830	830	0	0
IS	5298	815	815	0	0
IS	5299	831	830	1	0
IS	5300	790	790	0	0
IS	5301	773	773	0	0
IS	5302	881	880	1	0
IS	5303	877	877	0	0
IS	5304	847	847	0	0
IS	5305	809	809	0	0
IS	5306	826	826	0	0
IS	5307	810	810	0	0
IS	5308	820	819	1	0
IS	5309	883	883	0	0
IS	5310	896	896	0	0
IS	5311	780	779	1	0
IS	5312	751	751	0	0
IS	5313	846	846	0	0
IS	5314	736	736	0	0
IS	5315	835	835	0	0
IS	5316	810	810	0	0
IS	5317	804	804	0	0
IS	5318	760	760	0	0
IS	5319	796	796	0	0
IS	5320	852	852	0	0
IS	5321	879	879	0	0
IS	5322	824	824	0	0
IS	5323	758	758	0	0
IS	5324	815	815	0	0
IS	5325	855	855	0	0
IS	5326	870	870	0	0
IS	5327	833	833	0	0
IS	5328	839	839	0	0
IS	5329	788	788	0	0
IS	5330	750	749	1	0
IS	5331	842	842	0	0
IS	5332	876	876	0	0
IS	5333	838	838	0	0
IS	5334	808	808	0	0
IS	5335	844	844	0	0
IS	5336	819	819	0	0
IS	5337	881	881	0	0
IS	5338	888	888	0	0
IS	5339	826	826	0	0
IS	5340	829	829	0	0
IS	5341	889	888	1	0
IS	5342	862	861	1	0
IS	5343	826	825	1	0
IS	5344	781	781	0	0
IS	5345	849	849	0	0
IS	5346	778	778	0	0
IS	5347	816	816	0	0
IS	5348	818	818	0	0
IS	5349	870	870	0	0
IS	5350	834	834	0	0
IS	5351	776	775	1	0
IS	5352	817	817	0	0
IS	5353	845	845	0	0
IS	5354	833	833	0	0
IS	5355	771	771	0	0
IS	5356	855	855	0	0
IS	5357	858	857	1	0
IS	5358	848	848	0	0
IS	5359	828	828	0	0
IS	5360	826	826	0	0
IS	5361	723	722	1	0
IS	5362	825	825	0	0
IS	5363	802	801	1	0
IS	5364	862	861	1	0
IS	5365	829	829	0	0
IS	5366	804	804	0	0
IS	5367	767	767	0	0
IS	5368	853	853	0	0
IS	5369	822	822	0	0
IS	5370	765	765	0	0
IS	5371	803	803	0	0
IS	5372	824	824	0	0
IS	5373	821	821	0	0
IS	5374	808	808	0	0
IS	5375	779	779	0	0
IS	5376	843	843	0	0
IS	5377	877	877	0	0
IS	5378	806	806	0	0
IS	5379	768	768	0	0
IS	5380	875	875	0	0
IS	5381	790	790	0	0
IS	5382	843	843	0	0
IS	5383	762	762	0	0
IS	5384	706	706	0	0
IS	5385	833	833	0	0
IS	5386	833	833	0	0
IS	5387	882	882	0	0
IS	5388	854	854	0	0
IS	5389	814	814	0	0
IS	5390	786	786	0	0
IS	5391	774	774	0	0
IS	5392	757	757	0	0
IS	5393	812	812	0	0
IS	5394	814	814	0	0
IS	5395	821	820	1	0
IS	5396	873	873	0	0
IS	5397	822	822	0	0
IS	5398	806	806	0	0
IS	5399	785	785	0	0
IS	5400	805	805	0	0
IS	5401	784	784	0	0
IS	5402	845	845	0	0
IS	5403	820	820	0	0
IS	5404	799	799	0	0
IS	5405	805	805	0	0
IS	5406	798	798	0	0
IS	5407	771	771	0	0
IS	5408	782	782	0	0
IS	5409	798	798	0	0
IS	5410	827	827	0	0
IS	5411	811	811	0	0
IS	5412	811	811	0	0
IS	5413	755	755	0	0
IS	5414	810	810	0	0
IS	5415	803	803	0	0
IS	5416	804	804	0	0
IS	5417	860	859	1	0
IS	5418	856	856	0	0
IS	5419	813	813	0	0
IS	5420	829	829	0	0
IS	5421	773	773	0	0
IS	5422	819	819	0	0
IS	5423	790	790	0	0
IS	5424	839	839	0	0
IS	5425	788	788	0	0
IS	5426	797	797	0	0
IS	5427	840	840	0	0
IS	5428	796	796	0	0
IS	5429	755	755	0	0
IS	5430	819	819	0	0
IS	5431	772	772	0	0
IS	5432	822	821	1	0
IS	5433	795	795	0	0
IS	5434	871	871	0	0
IS	5435	737	736	1	0
IS	5436	793	793	0	0
IS	5437	817	817	0	0
IS	5438	772	772	0	0
IS	5439	829	829	0	0
IS	5440	753	753	0	0
IS	5441	791	791	0	0
IS	5442	802	802	0	0
IS	5443	791	791	0	0
IS	5444	788	788	0	0
IS	5445	828	828	0	0
IS	5446	753	752	1	0
IS	5447	766	766	0	0
IS	5448	771	771	0	0
IS	5449	817	817	0	0
IS	5450	762	762	0	0
IS	5451	775	775	0	0
IS	5452	716	716	0	0
IS	5453	775	775	0	0
IS	5454	787	787	0	0
IS	5455	751	751	0	0
IS	5456	747	746	1	0
IS	5457	822	822	0	0
IS	5458	763	763	0	0
IS	5459	789	788	1	0
IS	5460	775	775	0	0
IS	5461	775	775	0	0
IS	5462	787	787	0	0
IS	5463	755	755	0	0
IS	5464	732	732	0	0
IS	5465	715	715	0	0
IS	5466	790	790	0	0
IS	5467	788	788	0	0
IS	5468	764	764	0	0
IS	5469	793	793	0	0
IS	5470	754	754	0	0
IS	5471	804	804	0	0
IS	5472	767	767	0	0
IS	5473	703	703	0	0
IS	5474	828	828	0	0
IS	5475	764	763	1	0
IS	5476	782	782	0	0
IS	5477	781	781	0	0
IS	5478	780	780	0	0
IS	5479	784	784	0	0
IS	5480	861	861	0	0
IS	5481	774	774	0	0
IS	5482	676	676	0	0
IS	5483	806	806	0	0
IS	5484	835	835	0	0
IS	5485	790	790	0	0
IS	5486	807	807	0	0
IS	5487	743	743	0	0
IS	5488	787	787	0	0
IS	5489	816	816	0	0
IS	5490	768	768	0	0
IS	5491	746	746	0	0
IS	5492	787	787	0	0
IS	5493	742	742	0	0
IS	5494	822	822	0	0
IS	5495	736	736	0	0
IS	5496	738	738	0	0
IS	5497	785	785	0	0
IS	5498	781	781	0	0
IS	5499	805	805	0	0
IS	5500	775	775	0	0
IS	5501	772	772	0	0
IS	5502	763	763	0	0
IS	5503	722	722	0	0
IS	5504	801	801	0	0
IS	5505	804	804	0	0
IS	5506	774	774	0	0
IS	5507	857	857	0	0
IS	5508	745	745	0	0
IS	5509	803	803	0	0
IS	5510	779	779	0	0
IS	5511	831	831	0	0
IS	5512	772	772	0	0
IS	5513	776	776	0	0
IS	5514	735	735	0	0
IS	5515	714	714	0	0
IS	5516	842	842	0	0
IS	5517	734	734	0	0
IS	5518	739	739	0	0
IS	5519	802	801	1	0
IS	5520	754	754	0	0
IS	5521	782	782	0	0
IS	5522	781	781	0	0
IS	5523	788	788	0	0
IS	5524	771	771	0	0
IS	5525	736	736	0	0
IS	5526	763	763	0	0
IS	5527	704	704	0	0
IS	5528	843	843	0	0
IS	5529	747	747	0	0
IS	5530	746	746	0	0
IS	5531	726	726	0	0
IS	5532	747	747	0	0
IS	5533	684	684	0	0
IS	5534	726	726	0	0
IS	5535	774	774	0	0
IS	5536	749	749	0	0
IS	5537	760	760	0	0
IS	5538	773	773	0	0
IS	5539	734	734	0	0
IS	5540	770	770	0	0
IS	5541	763	762	1	0
IS	5542	640	640	0	0
IS	5543	799	799	0	0
IS	5544	724	724	0	0
IS	5545	713	713	0	0
IS	5546	792	792	0	0
IS	5547	735	735	0	0
IS	5548	790	790	0	0
IS	5549	743	743	0	0
IS	5550	742	742	0	0
IS	5551	779	779	0	0
IS	5552	808	808	0	0
IS	5553	695	694	1	0
IS	5554	752	751	1	0
IS	5555	766	766	0	0
IS	5556	811	811	0	0
IS	5557	780	779	1	0
IS	5558	750	750	0	0
IS	5559	769	769	0	0
IS	5560	694	694	0	0
IS	5561	713	713	0	0
IS	5562	770	770	0	0
IS	5563	716	716	0	0
IS	5564	754	754	0	0
IS	5565	754	753	1	0
IS	5566	764	764	0	0
IS	5567	720	720	0	0
IS	5568	766	766	0	0
IS	5569	721	721	0	0
IS	5570	725	725	0	0
IS	5571	668	668	0	0
IS	5572	768	768	0	0
IS	5573	798	798	0	0
IS	5574	749	749	0	0
IS	5575	710	710	0	0
IS	5576	786	786	0	0
IS	5577	768	768	0	0
IS	5578	704	703	1	0
IS	5579	748	748	0	0
IS	5580	745	744	1	0
IS	5581	728	727	1	0
IS	5582	737	736	1	0
IS	5583	658	658	0	0
IS	5584	745	745	0	0
IS	5585	714	714	0	0
IS	5586	780	780	0	0
IS	5587	696	696	0	0
IS	5588	652	652	0	0
IS	5589	725	725	0	0
IS	5590	740	740	0	0
IS	5591	699	696	3	0
IS	5592	714	714	0	0
IS	5593	683	683	0	0
IS	5594	697	697	0	0
IS	5595	742	742	0	0
IS	5596	680	680	0	0
IS	5597	712	712	0	0
IS	5598	726	726	0	0
IS	5599	653	653	0	0
IS	5600	689	689	0	0
IS	5601	661	661	0	0
IS	5602	664	664	0	0
IS	5603	695	695	0	0
IS	5604	725	725	0	0
IS	5605	770	770	0	0
IS	5606	762	761	1	0
IS	5607	672	672	0	0
IS	5608	657	655	2	0
IS	5609	740	740	0	0
IS	5610	693	693	0	0
IS	5611	683	683	0	0
IS	5612	695	695	0	0
IS	5613	729	729	0	0
IS	5614	697	697	0	0
IS	5615	769	769	0	0
IS	5616	744	744	0	0
IS	5617	646	646	0	0
IS	5618	644	644	0	0
IS	5619	740	740	0	0
IS	5620	701	700	1	0
IS	5621	723	723	0	0
IS	5622	690	690	0	0
IS	5623	721	721	0	0
IS	5624	674	674	0	0
IS	5625	727	727	0	0
IS	5626	723	723	0	0
IS	5627	716	716	0	0
IS	5628	663	663	0	0
IS	5629	745	745	0	0
IS	5630	745	745	0	0
IS	5631	707	707	0	0
IS	5632	686	686	0	0
IS	5633	691	691	0	0
IS	5634	685	685	0	0
IS	5635	684	684	0	0
IS	5636	699	699	0	0
IS	5637	688	688	0	0
IS	5638	703	703	0	0
IS	5639	650	650	0	0
IS	5640	768	768	0	0
IS	5641	714	714	0	0
IS	5642	705	704	1	0
IS	5643	675	675	0	0
IS	5644	712	712	0	0
IS	5645	772	772	0	0
IS	5646	785	785	0	0
IS	5647	731	731	0	0
IS	5648	688	688	0	0
IS	5649	719	718	1	0
IS	5650	751	751	0	0
IS	5651	721	721	0	0
IS	5652	756	756	0	0
IS	5653	731	731	0	0
IS	5654	725	725	0	0
IS	5655	738	738	0	0
IS	5656	697	697	0	0
IS	5657	719	719	0	0
IS	5658	750	749	1	0
IS	5659	766	766	0	0
IS	5660	705	705	0	0
IS	5661	759	759	0	0
IS	5662	751	751	0	0
IS	5663	731	730	1	0
IS	5664	793	793	0	0
IS	5665	698	698	0	0
IS	5666	713	713	0	0
IS	5667	755	755	0	0
IS	5668	747	747	0	0
IS	5669	700	700	0	0
IS	5670	713	713	0	0
IS	5671	682	682	0	0
IS	5672	779	779	0	0
IS	5673	735	735	0	0
IS	5674	641	641	0	0
IS	5675	740	740	0	0
IS	5676	734	733	1	0
IS	5677	690	690	0	0
IS	5678	717	717	0	0
IS	5679	790	790	0	0
IS	5680	733	733	0	0
IS	5681	780	780	0	0
IS	5682	735	735	0	0
IS	5683	688	688	0	0
IS	5684	750	750	0	0
IS	5685	718	718	0	0
IS	5686	714	714	0	0
IS	5687	741	741	0	0
IS	5688	829	829	0	0
IS	5689	761	761	0	0
IS	5690	874	874	0	0
IS	5691	742	742	0	0
IS	5692	824	824	0	0
IS	5693	786	786	0	0
IS	5694	734	734	0	0
IS	5695	755	755	0	0
IS	5696	716	716	0	0
IS	5697	724	724	0	0
IS	5698	775	775	0	0
IS	5699	796	796	0	0
IS	5700	766	765	1	0
IS	5701	723	723	0	0
IS	5702	719	719	0	0
IS	5703	747	747	0	0
IS	5704	791	791	0	0
IS	5705	741	741	0	0
IS	5706	740	739	1	0
IS	5707	772	772	0	0
IS	5708	716	716	0	0
IS	5709	759	759	0	0
IS	5710	765	765	0	0
IS	5711	741	741	0	0
IS	5712	698	698	0	0
IS	5713	786	785	1	0
IS	5714	743	743	0	0
IS	5715	771	771	0	0
IS	5716	775	774	1	0
IS	5717	765	765	0	0
IS	5718	712	711	1	0
IS	5719	722	722	0	0
IS	5720	751	751	0	0
IS	5721	728	728	0	0
IS	5722	740	740	0	0
IS	5723	712	712	0	0
IS	5724	759	759	0	0
IS	5725	729	729	0	0
IS	5726	732	732	0	0
IS	5727	728	728	0	0
IS	5728	729	729	0	0
IS	5729	691	691	0	0
IS	5730	743	742	1	0
IS	5731	760	760	0	0
IS	5732	709	709	0	0
IS	5733	766	766	0	0
IS	5734	698	698	0	0
IS	5735	714	714	0	0
IS	5736	815	815	0	0
IS	5737	738	738	0	0
IS	5738	697	697	0	0
IS	5739	725	725	0	0
IS	5740	704	704	0	0
IS	5741	721	721	0	0
IS	5742	693	693	0	0
IS	5743	719	719	0	0
IS	5744	735	735	0	0
IS	5745	817	817	0	0
IS	5746	738	738	0	0
IS	5747	749	749	0	0
IS	5748	767	767	0	0
IS	5749	684	684	0	0
IS	5750	665	665	0	0
IS	5751	695	695	0	0
IS	5752	707	707	0	0
IS	5753	737	737	0	0
IS	5754	778	778	0	0
IS	5755	702	702	0	0
IS	5756	721	721	0	0
IS	5757	753	753	0	0
IS	5758	759	759	0	0
IS	5759	733	733	0	0
IS	5760	690	690	0	0
IS	5761	740	740	0	0
IS	5762	726	726	0	0
IS	5763	763	763	0	0
IS	5764	687	687	0	0
IS	5765	680	680	0	0
IS	5766	709	709	0	0
IS	5767	696	696	0	0
IS	5768	754	754	0	0
IS	5769	729	729	0	0
IS	5770	684	684	0	0
IS	5771	708	708	0	0
IS	5772	747	747	0	0
IS	5773	729	729	0	0
IS	5774	776	776	0	0
IS	5775	686	686	0	0
IS	5776	630	630	0	0
IS	5777	738	738	0	0
IS	5778	726	726	0	0
IS	5779	703	703	0	0
IS	5780	748	748	0	0
IS	5781	691	691	0	0
IS	5782	713	713	0	0
IS	5783	673	673	0	0
IS	5784	699	699	0	0
IS	5785	714	714	0	0
IS	5786	715	715	0	0
IS	5787	726	726	0	0
IS	5788	678	678	0	0
IS	5789	739	739	0	0
IS	5790	657	657	0	0
IS	5791	619	619	0	0
IS	5792	648	648	0	0
IS	5793	635	635	0	0
IS	5794	683	683	0	0
IS	5795	695	695	0	0
IS	5796	693	693	0	0
IS	5797	627	627	0	0
IS	5798	700	699	1	0
IS	5799	686	686	0	0
IS	5800	709	709	0	0
IS	5801	685	685	0	0
IS	5802	668	668	0	0
IS	5803	679	679	0	0
IS	5804	658	658	0	0
IS	5805	734	734	0	0
IS	5806	614	613	1	0
IS	5807	722	722	0	0
IS	5808	710	710	0	0
IS	5809	663	663	0	0
IS	5810	642	642	0	0
IS	5811	627	627	0	0
IS	5812	669	669	0	0
IS	5813	669	669	0	0
IS	5814	575	575	0	0
IS	5815	688	688	0	0
IS	5816	652	652	0	0
IS	5817	695	695	0	0
IS	5818	691	691	0	0
IS	5819	645	645	0	0
IS	5820	686	686	0	0
IS	5821	695	695	0	0
IS	5822	690	690	0	0
IS	5823	739	738	1	0
IS	5824	735	735	0	0
IS	5825	729	729	0	0
IS	5826	638	638	0	0
IS	5827	680	680	0	0
IS	5828	707	707	0	0
IS	5829	702	702	0	0
IS	5830	703	702	1	0
IS	5831	672	672	0	0
IS	5832	640	640	0	0
IS	5833	686	685	1	0
IS	5834	735	735	0	0
IS	5835	712	712	0	0
IS	5836	687	687	0	0
IS	5837	736	735	1	0
IS	5838	686	686	0	0
IS	5839	691	691	0	0
IS	5840	660	659	1	0
IS	5841	707	707	0	0
IS	5842	710	709	1	0
IS	5843	683	683	0	0
IS	5844	699	699	0	0
IS	5845	658	658	0	0
IS	5846	687	687	0	0
IS	5847	686	686	0	0
IS	5848	671	671	0	0
IS	5849	649	649	0	0
IS	5850	658	657	1	0
IS	5851	711	711	0	0
IS	5852	708	708	0	0
IS	5853	728	728	0	0
IS	5854	722	722	0	0
IS	5855	678	678	0	0
IS	5856	669	668	1	0
IS	5857	719	719	0	0
IS	5858	699	699	0	0
IS	5859	719	719	0	0
IS	5860	741	741	0	0
IS	5861	735	735	0	0
IS	5862	710	710	0	0
IS	5863	700	699	1	0
IS	5864	761	761	0	0
IS	5865	717	717	0	0
IS	5866	721	721	0	0
IS	5867	791	791	0	0
IS	5868	783	783	0	0
IS	5869	711	711	0	0
IS	5870	710	710	0	0
IS	5871	713	713	0	0
IS	5872	748	748	0	0
IS	5873	682	682	0	0
IS	5874	731	731	0	0
IS	5875	677	677	0	0
IS	5876	753	752	1	0
IS	5877	724	723	1	0
IS	5878	775	775	0	0
IS	5879	726	726	0	0
IS	5880	716	716	0	0
IS	5881	741	741	0	0
IS	5882	677	677	0	0
IS	5883	706	706	0	0
IS	5884	787	787	0	0
IS	5885	743	743	0	0
IS	5886	698	698	0	0
IS	5887	693	692	1	0
IS	5888	787	786	1	0
IS	5889	726	726	0	0
IS	5890	691	691	0	0
IS	5891	698	698	0	0
IS	5892	666	666	0	0
IS	5893	738	738	0	0
IS	5894	668	668	0	0
IS	5895	700	700	0	0
IS	5896	721	721	0	0
IS	5897	751	750	1	0
IS	5898	757	757	0	0
IS	5899	762	762	0	0
IS	5900	704	704	0	0
IS	5901	745	745	0	0
IS	5902	726	725	1	0
IS	5903	724	724	0	0
IS	5904	732	732	0	0
IS	5905	780	780	0	0
IS	5906	749	748	1	0
IS	5907	751	751	0	0
IS	5908	693	693	0	0
IS	5909	725	725	0	0
IS	5910	669	669	0	0
IS	5911	766	766	0	0
IS	5912	772	771	1	0
IS	5913	742	742	0	0
IS	5914	740	740	0	0
IS	5915	685	685	0	0
IS	5916	770	770	0	0
IS	5917	717	717	0	0
IS	5918	698	698	0	0
IS	5919	714	714	0	0
IS	5920	737	737	0	0
IS	5921	802	802	0	0
IS	5922	743	743	0	0
IS	5923	711	711	0	0
IS	5924	687	687	0	0
IS	5925	794	794	0	0
IS	5926	700	700	0	0
IS	5927	697	697	0	0
IS	5928	746	746	0	0
IS	5929	705	705	0	0
IS	5930	696	696	0	0
IS	5931	694	693	1	0
IS	5932	681	681	0	0
IS	5933	661	661	0	0
IS	5934	710	710	0	0
IS	5935	732	731	1	0
IS	5936	724	724	0	0
IS	5937	711	711	0	0
IS	5938	753	753	0	0
IS	5939	709	709	0	0
IS	5940	701	701	0	0
IS	5941	684	684	0	0
IS	5942	734	734	0	0
IS	5943	677	677	0	0
IS	5944	651	650	1	0
IS	5945	677	677	0	0
IS	5946	722	722	0	0
IS	5947	693	693	0	0
IS	5948	681	681	0	0
IS	5949	698	698	0	0
IS	5950	681	680	1	0
IS	5951	689	689	0	0
IS	5952	702	702	0	0
IS	5953	719	719	0	0
IS	5954	689	689	0	0
IS	5955	654	654	0	0
IS	5956	738	738	0	0
IS	5957	637	637	0	0
IS	5958	690	690	0	0
IS	5959	745	745	0	0
IS	5960	735	735	0	0
IS	5961	644	644	0	0
IS	5962	697	697	0	0
IS	5963	677	677	0	0
IS	5964	678	678	0	0
IS	5965	700	700	0	0
IS	5966	651	651	0	0
IS	5967	701	701	0	0
IS	5968	677	677	0	0
IS	5969	653	653	0	0
IS	5970	661	661	0	0
IS	5971	650	650	0	0
IS	5972	719	718	1	0
IS	5973	712	712	0	0
IS	5974	700	700	0	0
IS	5975	623	623	0	0
IS	5976	663	663	0	0
IS	5977	738	738	0	0
IS	5978	698	698	0	0
IS	5979	603	602	1	0
IS	5980	634	634	0	0
IS	5981	659	659	0	0
IS	5982	690	690	0	0
IS	5983	668	668	0	0
IS	5984	697	697	0	0
IS	5985	710	710	0	0
IS	5986	668	667	1	0
IS	5987	623	623	0	0
IS	5988	613	613	0	0
IS	5989	663	663	0	0
IS	5990	700	700	0	0
IS	5991	667	667	0	0
IS	5992	609	609	0	0
IS	5993	682	682	0	0
IS	5994	587	587	0	0
IS	5995	643	642	1	0
IS	5996	701	701	0	0
IS	5997	672	672	0	0
IS	5998	663	663	0	0
IS	5999	701	701	0	0
IS	6000	627	627	0	0
IS	6001	669	669	0	0
IS	6002	721	721	0	0
IS	6003	679	679	0	0
IS	6004	609	609	0	0
IS	6005	604	604	0	0
IS	6006	659	659	0	0
IS	6007	638	638	0	0
IS	6008	697	697	0	0
IS	6009	611	611	0	0
IS	6010	698	698	0	0
IS	6011	714	714	0	0
IS	6012	639	639	0	0
IS	6013	679	679	0	0
IS	6014	678	678	0	0
IS	6015	600	600	0	0
IS	6016	677	677	0	0
IS	6017	660	660	0	0
IS	6018	658	658	0	0
IS	6019	624	624	0	0
IS	6020	643	643	0	0
IS	6021	689	689	0	0
IS	6022	672	672	0	0
IS	6023	655	655	0	0
IS	6024	681	681	0	0
IS	6025	698	698	0	0
IS	6026	652	651	1	0
IS	6027	694	694	0	0
IS	6028	691	690	1	0
IS	6029	655	655	0	0
IS	6030	701	701	0	0
IS	6031	675	675	0	0
IS	6032	658	658	0	0
IS	6033	657	657	0	0
IS	6034	629	629	0	0
IS	6035	690	690	0	0
IS	6036	704	704	0	0
IS	6037	674	673	1	0
IS	6038	704	704	0	0
IS	6039	650	650	0	0
IS	6040	718	718	0	0
IS	6041	638	638	0	0
IS	6042	705	705	0	0
IS	6043	671	671	0	0
IS	6044	670	670	0	0
IS	6045	699	699	0	0
IS	6046	687	687	0	0
IS	6047	704	703	1	0
IS	6048	660	660	0	0
IS	6049	719	719	0	0
IS	6050	684	684	0	0
IS	6051	687	687	0	0
IS	6052	663	663	0	0
IS	6053	674	674	0	0
IS	6054	685	685	0	0
IS	6055	676	676	0	0
IS	6056	737	737	0	0
IS	6057	713	713	0	0
IS	6058	728	728	0	0
IS	6059	690	690	0	0
IS	6060	729	729	0	0
IS	6061	726	726	0	0
IS	6062	719	719	0	0
IS	6063	698	698	0	0
IS	6064	758	758	0	0
IS	6065	732	732	0	0
IS	6066	698	698	0	0
IS	6067	687	687	0	0
IS	6068	699	699	0	0
IS	6069	697	697	0	0
IS	6070	705	705	0	0
IS	6071	707	707	0	0
IS	6072	685	685	0	0
IS	6073	724	724	0	0
IS	6074	729	729	0	0
IS	6075	700	700	0	0
IS	6076	682	682	0	0
IS	6077	649	649	0	0
IS	6078	695	695	0	0
IS	6079	643	642	1	0
IS	6080	723	723	0	0
IS	6081	658	658	0	0
IS	6082	664	664	0	0
IS	6083	730	730	0	0
IS	6084	698	698	0	0
IS	6085	723	722	1	0
IS	6086	704	704	0	0
IS	6087	670	670	0	0
IS	6088	719	719	0	0
IS	6089	700	700	0	0
IS	6090	709	709	0	0
IS	6091	702	702	0	0
IS	6092	734	733	1	0
IS	6093	676	676	0	0
IS	6094	697	696	1	0
IS	6095	719	719	0	0
IS	6096	687	687	0	0
IS	6097	642	641	1	0
IS	6098	677	677	0	0
IS	6099	688	688	0	0
IS	6100	669	669	0	0
IS	6101	647	647	0	0
IS	6102	669	669	0	0
IS	6103	657	657	0	0
IS	6104	689	689	0	0
IS	6105	684	684	0	0
IS	6106	648	647	1	0
IS	6107	671	671	0	0
IS	6108	684	683	1	0
IS	6109	655	655	0	0
IS	6110	695	695	0	0
IS	6111	691	691	0	0
IS	6112	659	659	0	0
IS	6113	657	657	0	0
IS	6114	721	721	0	0
IS	6115	689	688	1	0
IS	6116	648	647	1	0
IS	6117	716	716	0	0
IS	6118	742	742	0	0
IS	6119	643	643	0	0
IS	6120	639	639	0	0
IS	6121	662	662	0	0
IS	6122	697	697	0	0
IS	6123	689	689	0	0
IS	6124	720	720	0	0
IS	6125	632	632	0	0
IS	6126	643	643	0	0
IS	6127	648	648	0	0
IS	6128	704	704	0	0
IS	6129	634	634	0	0
IS	6130	680	680	0	0
IS	6131	668	668	0	0
IS	6132	670	670	0	0
IS	6133	639	639	0	0
IS	6134	730	730	0	0
IS	6135	675	675	0	0
IS	6136	777	777	0	0
IS	6137	752	752	0	0
IS	6138	694	694	0	0
IS	6139	671	671	0	0
IS	6140	655	655	0	0
IS	6141	698	698	0	0
IS	6142	679	679	0	0
IS	6143	679	679	0	0
IS	6144	664	664	0	0
IS	6145	665	665	0	0
IS	6146	729	729	0	0
IS	6147	714	714	0	0
IS	6148	692	692	0	0
IS	6149	720	720	0	0
IS	6150	713	713	0	0
IS	6151	741	741	0	0
IS	6152	686	686	0	0
IS	6153	721	720	1	0
IS	6154	683	683	0	0
IS	6155	721	721	0	0
IS	6156	753	752	1	0
IS	6157	702	702	0	0
IS	6158	704	704	0	0
IS	6159	690	689	1	0
IS	6160	669	669	0	0
IS	6161	729	729	0	0
IS	6162	674	674	0	0
IS	6163	675	675	0	0
IS	6164	649	648	1	0
IS	6165	706	706	0	0
IS	6166	728	728	0	0
IS	6167	733	733	0	0
IS	6168	730	730	0	0
IS	6169	718	718	0	0
IS	6170	715	714	1	0
IS	6171	718	717	1	0
IS	6172	697	697	0	0
IS	6173	766	766	0	0
IS	6174	698	697	1	0
IS	6175	761	759	2	0
IS	6176	694	693	1	0
IS	6177	747	747	0	0
IS	6178	694	694	0	0
IS	6179	676	675	1	0
IS	6180	738	738	0	0
IS	6181	718	718	0	0
IS	6182	713	713	0	0
IS	6183	759	758	1	0
IS	6184	705	705	0	0
IS	6185	756	756	0	0
IS	6186	687	687	0	0
IS	6187	767	767	0	0
IS	6188	738	738	0	0
IS	6189	661	661	0	0
IS	6190	719	719	0	0
IS	6191	691	691	0	0
IS	6192	720	720	0	0
IS	6193	759	759	0	0
IS	6194	674	674	0	0
IS	6195	688	688	0	0
IS	6196	728	728	0	0
IS	6197	709	709	0	0
IS	6198	760	760	0	0
IS	6199	708	708	0	0
IS	6200	732	732	0	0
IS	6201	761	761	0	0
IS	6202	721	719	2	0
IS	6203	724	724	0	0
IS	6204	784	784	0	0
IS	6205	732	732	0	0
IS	6206	723	723	0	0
IS	6207	720	720	0	0
IS	6208	721	721	0	0
IS	6209	681	681	0	0
IS	6210	683	683	0	0
IS	6211	712	712	0	0
IS	6212	707	707	0	0
IS	6213	701	699	2	0
IS	6214	713	713	0	0
IS	6215	702	702	0	0
IS	6216	746	746	0	0
IS	6217	762	762	0	0
IS	6218	711	711	0	0
IS	6219	774	774	0	0
IS	6220	686	686	0	0
IS	6221	724	724	0	0
IS	6222	761	761	0	0
IS	6223	710	710	0	0
IS	6224	699	699	0	0
IS	6225	695	695	0	0
IS	6226	667	667	0	0
IS	6227	738	737	1	0
IS	6228	720	720	0	0
IS	6229	670	669	1	0
IS	6230	696	696	0	0
IS	6231	712	712	0	0
IS	6232	787	787	0	0
IS	6233	673	673	0	0
IS	6234	741	741	0	0
IS	6235	698	698	0	0
IS	6236	693	693	0	0
IS	6237	709	709	0	0
IS	6238	714	714	0	0
IS	6239	712	712	0	0
IS	6240	723	723	0	0
IS	6241	661	661	0	0
IS	6242	681	681	0	0
IS	6243	708	708	0	0
IS	6244	654	654	0	0
IS	6245	698	698	0	0
IS	6246	689	689	0	0
IS	6247	662	662	0	0
IS	6248	710	710	0	0
IS	6249	734	734	0	0
IS	6250	673	673	0	0
IS	6251	689	689	0	0
IS	6252	659	659	0	0
IS	6253	635	635	0	0
IS	6254	676	676	0	0
IS	6255	619	619	0	0
IS	6256	688	688	0	0
IS	6257	675	675	0	0
IS	6258	669	669	0	0
IS	6259	721	721	0	0
IS	6260	652	652	0	0
IS	6261	613	613	0	0
IS	6262	655	655	0	0
IS	6263	657	657	0	0
IS	6264	651	651	0	0
IS	6265	644	643	1	0
IS	6266	664	664	0	0
IS	6267	672	672	0	0
IS	6268	665	665	0	0
IS	6269	634	634	0	0
IS	6270	647	647	0	0
IS	6271	664	664	0	0
IS	6272	673	673	0	0
IS	6273	606	606	0	0
IS	6274	653	652	1	0
IS	6275	614	614	0	0
IS	6276	607	607	0	0
IS	6277	591	591	0	0
IS	6278	568	568	0	0
IS	6279	562	562	0	0
IS	6280	636	635	1	0
IS	6281	651	651	0	0
IS	6282	547	547	0	0
IS	6283	632	632	0	0
IS	6284	600	600	0	0
IS	6285	562	562	0	0
IS	6286	615	615	0	0
IS	6287	570	570	0	0
IS	6288	629	629	0	0
IS	6289	646	646	0	0
IS	6290	599	599	0	0
IS	6291	632	632	0	0
IS	6292	633	633	0	0
IS	6293	618	616	2	0
IS	6294	551	551	0	0
IS	6295	549	549	0	0
IS	6296	509	509	0	0
IS	6297	589	589	0	0
IS	6298	624	624	0	0
IS	6299	600	600	0	0
IS	6300	549	549	0	0
IS	6301	505	505	0	0
IS	6302	590	590	0	0
IS	6303	549	548	1	0
IS	6304	555	555	0	0
IS	6305	566	566	0	0
IS	6306	542	542	0	0
IS	6307	634	634	0	0
IS	6308	620	620	0	0
IS	6309	569	569	0	0
IS	6310	558	558	0	0
IS	6311	567	567	0	0
IS	6312	538	538	0	0
IS	6313	560	560	0	0
IS	6314	534	534	0	0
IS	6315	552	552	0	0
IS	6316	539	539	0	0
IS	6317	549	549	0	0
IS	6318	567	567	0	0
IS	6319	547	547	0	0
IS	6320	578	578	0	0
IS	6321	561	561	0	0
IS	6322	532	532	0	0
IS	6323	550	550	0	0
IS	6324	538	538	0	0
IS	6325	534	534	0	0
IS	6326	537	537	0	0
IS	6327	579	579	0	0
IS	6328	500	500	0	0
IS	6329	612	612	0	0
IS	6330	536	536	0	0
IS	6331	572	572	0	0
IS	6332	574	574	0	0
IS	6333	565	565	0	0
IS	6334	538	538	0	0
IS	6335	555	555	0	0
IS	6336	570	570	0	0
IS	6337	542	542	0	0
IS	6338	556	556	0	0
IS	6339	568	568	0	0
IS	6340	577	577	0	0
IS	6341	587	587	0	0
IS	6342	560	560	0	0
IS	6343	526	526	0	0
IS	6344	555	555	0	0
IS	6345	570	570	0	0
IS	6346	575	575	0	0
IS	6347	572	571	1	0
IS	6348	647	647	0	0
IS	6349	530	530	0	0
IS	6350	583	583	0	0
IS	6351	579	579	0	0
IS	6352	576	576	0	0
IS	6353	586	586	0	0
IS	6354	499	499	0	0
IS	6355	624	624	0	0
IS	6356	587	587	0	0
IS	6357	537	537	0	0
IS	6358	542	542	0	0
IS	6359	529	529	0	0
IS	6360	611	611	0	0
IS	6361	538	538	0	0
IS	6362	631	631	0	0
IS	6363	590	590	0	0
IS	6364	624	624	0	0
IS	6365	583	583	0	0
IS	6366	585	585	0	0
IS	6367	568	568	0	0
IS	6368	515	515	0	0
IS	6369	592	592	0	0
IS	6370	581	581	0	0
IS	6371	656	656	0	0
IS	6372	557	556	1	0
IS	6373	548	548	0	0
IS	6374	682	682	0	0
IS	6375	569	569	0	0
IS	6376	584	584	0	0
IS	6377	591	591	0	0
IS	6378	632	632	0	0
IS	6379	556	556	0	0
IS	6380	596	596	0	0
IS	6381	579	579	0	0
IS	6382	563	563	0	0
IS	6383	635	635	0	0
IS	6384	616	616	0	0
IS	6385	611	611	0	0
IS	6386	588	588	0	0
IS	6387	621	621	0	0
IS	6388	587	587	0	0
IS	6389	660	660	0	0
IS	6390	639	639	0	0
IS	6391	603	603	0	0
IS	6392	576	576	0	0
IS	6393	585	585	0	0
IS	6394	576	576	0	0
IS	6395	627	627	0	0
IS	6396	624	624	0	0
IS	6397	592	592	0	0
IS	6398	597	597	0	0
IS	6399	583	583	0	0
IS	6400	604	604	0	0
IS	6401	651	651	0	0
IS	6402	630	630	0	0
IS	6403	616	616	0	0
IS	6404	623	623	0	0
IS	6405	593	593	0	0
IS	6406	601	601	0	0
IS	6407	616	616	0	0
IS	6408	595	595	0	0
IS	6409	589	589	0	0
IS	6410	575	575	0	0
IS	6411	606	606	0	0
IS	6412	598	598	0	0
IS	6413	539	539	0	0
IS	6414	590	590	0	0
IS	6415	573	573	0	0
IS	6416	564	564	0	0
IS	6417	590	590	0	0
IS	6418	591	591	0	0
IS	6419	617	617	0	0
IS	6420	607	607	0	0
IS	6421	614	614	0	0
IS	6422	611	611	0	0
IS	6423	610	610	0	0
IS	6424	617	617	0	0
IS	6425	591	591	0	0
IS	6426	600	600	0	0
IS	6427	573	573	0	0
IS	6428	597	596	1	0
IS	6429	627	627	0	0
IS	6430	628	628	0	0
IS	6431	615	615	0	0
IS	6432	664	664	0	0
IS	6433	600	600	0	0
IS	6434	631	631	0	0
IS	6435	652	652	0	0
IS	6436	623	622	1	0
IS	6437	694	694	0	0
IS	6438	565	565	0	0
IS	6439	618	618	0	0
IS	6440	553	553	0	0
IS	6441	637	637	0	0
IS	6442	631	631	0	0
IS	6443	591	591	0	0
IS	6444	570	570	0	0
IS	6445	628	628	0	0
IS	6446	592	591	1	0
IS	6447	582	582	0	0
IS	6448	592	592	0	0
IS	6449	620	620	0	0
IS	6450	605	605	0	0
IS	6451	601	601	0	0
IS	6452	651	651	0	0
IS	6453	637	637	0	0
IS	6454	640	640	0	0
IS	6455	597	597	0	0
IS	6456	617	617	0	0
IS	6457	552	552	0	0
IS	6458	656	656	0	0
IS	6459	541	541	0	0
IS	6460	623	623	0	0
IS	6461	634	634	0	0
IS	6462	606	606	0	0
IS	6463	622	622	0	0
IS	6464	598	598	0	0
IS	6465	616	616	0	0
IS	6466	555	555	0	0
IS	6467	647	646	1	0
IS	6468	596	596	0	0
IS	6469	646	646	0	0
IS	6470	615	614	1	0
IS	6471	613	613	0	0
IS	6472	599	599	0	0
IS	6473	671	671	0	0
IS	6474	638	637	1	0
IS	6475	605	605	0	0
IS	6476	640	640	0	0
IS	6477	666	665	1	0
IS	6478	665	665	0	0
IS	6479	605	605	0	0
IS	6480	648	648	0	0
IS	6481	635	635	0	0
IS	6482	617	617	0	0
IS	6483	648	648	0	0
IS	6484	628	628	0	0
IS	6485	669	669	0	0
IS	6486	624	624	0	0
IS	6487	590	588	2	0
IS	6488	623	622	1	0
IS	6489	650	650	0	0
IS	6490	693	692	1	0
IS	6491	623	623	0	0
IS	6492	642	642	0	0
IS	6493	621	621	0	0
IS	6494	679	678	1	0
IS	6495	679	678	1	0
IS	6496	610	610	0	0
IS	6497	628	628	0	0
IS	6498	647	647	0	0
IS	6499	623	623	0	0
IS	6500	642	642	0	0
IS	6501	658	658	0	0
IS	6502	689	689	0	0
IS	6503	665	665	0	0
IS	6504	655	655	0	0
IS	6505	629	629	0	0
IS	6506	641	641	0	0
IS	6507	641	641	0	0
IS	6508	679	679	0	0
IS	6509	629	629	0	0
IS	6510	632	632	0	0
IS	6511	622	621	1	0
IS	6512	645	645	0	0
IS	6513	637	636	1	0
IS	6514	663	662	1	0
IS	6515	639	639	0	0
IS	6516	680	680	0	0
IS	6517	635	634	1	0
IS	6518	618	617	1	0
IS	6519	685	685	0	0
IS	6520	663	663	0	0
IS	6521	683	683	0	0
IS	6522	698	698	0	0
IS	6523	635	633	2	0
IS	6524	638	638	0	0
IS	6525	583	583	0	0
IS	6526	621	620	1	0
IS	6527	682	682	0	0
IS	6528	654	654	0	0
IS	6529	634	633	1	0
IS	6530	657	657	0	0
IS	6531	639	639	0	0
IS	6532	694	693	1	0
IS	6533	684	684	0	0
IS	6534	634	634	0	0
IS	6535	626	626	0	0
IS	6536	658	658	0	0
IS	6537	673	673	0	0
IS	6538	676	676	0	0
IS	6539	646	646	0	0
IS	6540	597	597	0	0
IS	6541	604	604	0	0
IS	6542	653	653	0	0
IS	6543	723	722	1	0
IS	6544	657	657	0	0
IS	6545	588	588	0	0
IS	6546	629	629	0	0
IS	6547	681	681	0	0
IS	6548	596	596	0	0
IS	6549	632	632	0	0
IS	6550	655	655	0	0
IS	6551	658	658	0	0
IS	6552	646	646	0	0
IS	6553	652	652	0	0
IS	6554	584	584	0	0
IS	6555	628	628	0	0
IS	6556	648	648	0	0
IS	6557	652	652	0	0
IS	6558	620	620	0	0
IS	6559	672	672	0	0
IS	6560	658	658	0	0
IS	6561	598	598	0	0
IS	6562	666	666	0	0
IS	6563	676	676	0	0
IS	6564	639	639	0	0
IS	6565	623	623	0	0
IS	6566	579	579	0	0
IS	6567	653	653	0	0
IS	6568	601	601	0	0
IS	6569	624	624	0	0
IS	6570	635	635	0	0
IS	6571	610	610	0	0
IS	6572	642	642	0	0
IS	6573	605	605	0	0
IS	6574	583	583	0	0
IS	6575	668	668	0	0
IS	6576	623	623	0	0
IS	6577	567	567	0	0
IS	6578	586	586	0	0
IS	6579	591	591	0	0
IS	6580	614	614	0	0
IS	6581	668	668	0	0
IS	6582	559	558	1	0
IS	6583	567	567	0	0
IS	6584	620	620	0	0
IS	6585	574	574	0	0
IS	6586	608	608	0	0
IS	6587	612	612	0	0
IS	6588	597	597	0	0
IS	6589	593	593	0	0
IS	6590	562	562	0	0
IS	6591	617	617	0	0
IS	6592	620	620	0	0
IS	6593	574	574	0	0
IS	6594	587	587	0	0
IS	6595	591	591	0	0
IS	6596	571	571	0	0
IS	6597	551	550	1	0
IS	6598	522	522	0	0
IS	6599	614	614	0	0
IS	6600	559	559	0	0
IS	6601	545	545	0	0
IS	6602	541	541	0	0
IS	6603	543	543	0	0
IS	6604	532	532	0	0
IS	6605	563	562	1	0
IS	6606	597	597	0	0
IS	6607	536	535	1	0
IS	6608	605	605	0	0
IS	6609	567	567	0	0
IS	6610	567	567	0	0
IS	6611	559	559	0	0
IS	6612	580	580	0	0
IS	6613	540	540	0	0
IS	6614	585	585	0	0
IS	6615	567	567	0	0
IS	6616	598	598	0	0
IS	6617	516	516	0	0
IS	6618	555	555	0	0
IS	6619	495	493	2	0
IS	6620	559	559	0	0
IS	6621	540	540	0	0
IS	6622	525	525	0	0
IS	6623	539	539	0	0
IS	6624	562	562	0	0
IS	6625	577	576	1	0
IS	6626	499	499	0	0
IS	6627	545	545	0	0
IS	6628	522	522	0	0
IS	6629	561	561	0	0
IS	6630	483	483	0	0
IS	6631	552	552	0	0
IS	6632	537	537	0	0
IS	6633	573	573	0	0
IS	6634	500	500	0	0
IS	6635	534	534	0	0
IS	6636	517	517	0	0
IS	6637	539	539	0	0
IS	6638	528	528	0	0
IS	6639	498	498	0	0
IS	6640	559	558	1	0
IS	6641	580	580	0	0
IS	6642	533	533	0	0
IS	6643	551	551	0	0
IS	6644	594	594	0	0
IS	6645	549	549	0	0
IS	6646	494	494	0	0
IS	6647	551	551	0	0
IS	6648	480	480	0	0
IS	6649	529	529	0	0
IS	6650	579	579	0	0
IS	6651	503	503	0	0
IS	6652	564	564	0	0
IS	6653	563	563	0	0
IS	6654	583	583	0	0
IS	6655	560	560	0	0
IS	6656	530	530	0	0
IS	6657	507	507	0	0
IS	6658	557	557	0	0
IS	6659	565	565	0	0
IS	6660	605	605	0	0
IS	6661	540	540	0	0
IS	6662	523	523	0	0
IS	6663	577	577	0	0
IS	6664	582	581	1	0
IS	6665	501	501	0	0
IS	6666	546	546	0	0
IS	6667	550	550	0	0
IS	6668	575	575	0	0
IS	6669	535	535	0	0
IS	6670	582	582	0	0
IS	6671	560	560	0	0
IS	6672	582	582	0	0
IS	6673	559	559	0	0
IS	6674	547	547	0	0
IS	6675	484	484	0	0
IS	6676	533	533	0	0
IS	6677	530	530	0	0
IS	6678	544	544	0	0
IS	6679	582	582	0	0
IS	6680	567	566	1	0
IS	6681	532	531	1	0
IS	6682	542	542	0	0
IS	6683	538	538	0	0
IS	6684	519	519	0	0
IS	6685	478	478	0	0
IS	6686	555	555	0	0
IS	6687	530	529	1	0
IS	6688	572	572	0	0
IS	6689	547	547	0	0
IS	6690	593	593	0	0
IS	6691	512	512	0	0
IS	6692	546	546	0	0
IS	6693	558	558	0	0
IS	6694	511	511	0	0
IS	6695	548	548	0	0
IS	6696	502	502	0	0
IS	6697	493	493	0	0
IS	6698	468	468	0	0
IS	6699	518	518	0	0
IS	6700	461	461	0	0
IS	6701	576	576	0	0
IS	6702	583	582	1	0
IS	6703	541	541	0	0
IS	6704	548	548	0	0
IS	6705	552	552	0	0
IS	6706	545	545	0	0
IS	6707	565	565	0	0
IS	6708	550	550	0	0
IS	6709	590	590	0	0
IS	6710	536	536	0	0
IS	6711	543	543	0	0
IS	6712	558	558	0	0
IS	6713	552	552	0	0
IS	6714	586	586	0	0
IS	6715	575	575	0	0
IS	6716	547	547	0	0
IS	6717	548	548	0	0
IS	6718	516	516	0	0
IS	6719	537	537	0	0
IS	6720	542	542	0	0
IS	6721	568	568	0	0
IS	6722	522	522	0	0
IS	6723	515	515	0	0
IS	6724	550	550	0	0
IS	6725	535	535	0	0
IS	6726	533	533	0	0
IS	6727	540	540	0	0
IS	6728	528	528	0	0
IS	6729	548	548	0	0
IS	6730	533	533	0	0
IS	6731	532	532	0	0
IS	6732	559	559	0	0
IS	6733	530	530	0	0
IS	6734	512	512	0	0
IS	6735	531	531	0	0
IS	6736	549	549	0	0
IS	6737	549	549	0	0
IS	6738	557	557	0	0
IS	6739	496	496	0	0
IS	6740	609	608	1	0
IS	6741	544	543	1	0
IS	6742	565	565	0	0
IS	6743	520	520	0	0
IS	6744	536	536	0	0
IS	6745	553	553	0	0
IS	6746	560	560	0	0
IS	6747	519	518	1	0
IS	6748	566	566	0	0
IS	6749	562	562	0	0
IS	6750	599	599	0	0
IS	6751	570	570	0	0
IS	6752	536	536	0	0
IS	6753	567	566	1	0
IS	6754	589	589	0	0
IS	6755	585	585	0	0
IS	6756	577	577	0	0
IS	6757	574	574	0	0
IS	6758	537	537	0	0
IS	6759	564	564	0	0
IS	6760	590	590	0	0
IS	6761	584	584	0	0
IS	6762	572	572	0	0
IS	6763	557	557	0	0
IS	6764	583	583	0	0
IS	6765	551	551	0	0
IS	6766	533	533	0	0
IS	6767	589	589	0	0
IS	6768	576	576	0	0
IS	6769	556	556	0	0
IS	6770	574	574	0	0
IS	6771	583	583	0	0
IS	6772	567	567	0	0
IS	6773	582	582	0	0
IS	6774	590	590	0	0
IS	6775	571	571	0	0
IS	6776	572	571	1	0
IS	6777	633	633	0	0
IS	6778	642	642	0	0
IS	6779	649	649	0	0
IS	6780	558	558	0	0
IS	6781	576	576	0	0
IS	6782	556	556	0	0
IS	6783	526	526	0	0
IS	6784	598	598	0	0
IS	6785	594	594	0	0
IS	6786	580	580	0	0
IS	6787	565	565	0	0
IS	6788	614	614	0	0
IS	6789	557	557	0	0
IS	6790	605	605	0	0
IS	6791	557	557	0	0
IS	6792	587	587	0	0
IS	6793	649	649	0	0
IS	6794	573	573	0	0
IS	6795	586	585	1	0
IS	6796	534	533	1	0
IS	6797	657	657	0	0
IS	6798	592	592	0	0
IS	6799	591	591	0	0
IS	6800	613	613	0	0
IS	6801	581	581	0	0
IS	6802	599	599	0	0
IS	6803	570	570	0	0
IS	6804	613	613	0	0
IS	6805	605	605	0	0
IS	6806	604	604	0	0
IS	6807	587	587	0	0
IS	6808	602	602	0	0
IS	6809	639	639	0	0
IS	6810	562	562	0	0
IS	6811	593	593	0	0
IS	6812	589	589	0	0
IS	6813	553	553	0	0
IS	6814	595	595	0	0
IS	6815	607	607	0	0
IS	6816	643	642	1	0
IS	6817	539	539	0	0
IS	6818	580	580	0	0
IS	6819	582	582	0	0
IS	6820	563	563	0	0
IS	6821	570	569	1	0
IS	6822	619	619	0	0
IS	6823	591	591	0	0
IS	6824	550	550	0	0
IS	6825	572	572	0	0
IS	6826	537	537	0	0
IS	6827	592	592	0	0
IS	6828	592	592	0	0
IS	6829	632	632	0	0
IS	6830	598	598	0	0
IS	6831	590	590	0	0
IS	6832	579	579	0	0
IS	6833	573	573	0	0
IS	6834	579	579	0	0
IS	6835	573	573	0	0
IS	6836	569	569	0	0
IS	6837	559	559	0	0
IS	6838	602	602	0	0
IS	6839	592	592	0	0
IS	6840	568	568	0	0
IS	6841	601	601	0	0
IS	6842	576	576	0	0
IS	6843	614	614	0	0
IS	6844	556	556	0	0
IS	6845	571	571	0	0
IS	6846	566	566	0	0
IS	6847	580	580	0	0
IS	6848	575	575	0	0
IS	6849	531	531	0	0
IS	6850	597	597	0	0
IS	6851	551	551	0	0
IS	6852	551	551	0	0
IS	6853	589	589	0	0
IS	6854	506	506	0	0
IS	6855	584	584	0	0
IS	6856	583	583	0	0
IS	6857	517	517	0	0
IS	6858	580	580	0	0
IS	6859	589	589	0	0
IS	6860	549	549	0	0
IS	6861	605	605	0	0
IS	6862	625	625	0	0
IS	6863	578	577	1	0
IS	6864	551	551	0	0
IS	6865	598	598	0	0
IS	6866	585	585	0	0
IS	6867	549	549	0	0
IS	6868	569	569	0	0
IS	6869	585	585	0	0
IS	6870	549	549	0	0
IS	6871	595	595	0	0
IS	6872	496	496	0	0
IS	6873	593	593	0	0
IS	6874	615	615	0	0
IS	6875	541	539	2	0
IS	6876	514	514	0	0
IS	6877	630	630	0	0
IS	6878	592	592	0	0
IS	6879	558	558	0	0
IS	6880	559	559	0	0
IS	6881	627	627	0	0
IS	6882	589	589	0	0
IS	6883	559	559	0	0
IS	6884	577	577	0	0
IS	6885	618	618	0	0
IS	6886	534	534	0	0
IS	6887	548	548	0	0
IS	6888	527	527	0	0
IS	6889	590	590	0	0
IS	6890	539	539	0	0
IS	6891	555	555	0	0
IS	6892	525	525	0	0
IS	6893	543	543	0	0
IS	6894	542	542	0	0
IS	6895	566	566	0	0
IS	6896	562	562	0	0
IS	6897	590	590	0	0
IS	6898	568	568	0	0
IS	6899	557	557	0	0
IS	6900	568	568	0	0
IS	6901	597	597	0	0
IS	6902	567	567	0	0
IS	6903	574	574	0	0
IS	6904	574	574	0	0
IS	6905	550	550	0	0
IS	6906	535	535	0	0
IS	6907	549	548	1	0
IS	6908	534	534	0	0
IS	6909	525	525	0	0
IS	6910	539	539	0	0
IS	6911	554	554	0	0
IS	6912	551	551	0	0
IS	6913	575	575	0	0
IS	6914	567	567	0	0
IS	6915	543	543	0	0
IS	6916	579	579	0	0
IS	6917	561	561	0	0
IS	6918	516	516	0	0
IS	6919	562	562	0	0
IS	6920	521	521	0	0
IS	6921	504	504	0	0
IS	6922	580	580	0	0
IS	6923	548	548	0	0
IS	6924	540	540	0	0
IS	6925	552	552	0	0
IS	6926	590	590	0	0
IS	6927	559	559	0	0
IS	6928	541	541	0	0
IS	6929	533	533	0	0
IS	6930	531	531	0	0
IS	6931	577	577	0	0
IS	6932	539	539	0	0
IS	6933	546	546	0	0
IS	6934	553	553	0	0
IS	6935	522	522	0	0
IS	6936	536	536	0	0
IS	6937	555	555	0	0
IS	6938	529	529	0	0
IS	6939	508	508	0	0
IS	6940	502	502	0	0
IS	6941	511	511	0	0
IS	6942	553	553	0	0
IS	6943	574	574	0	0
IS	6944	590	590	0	0
IS	6945	511	511	0	0
IS	6946	538	538	0	0
IS	6947	616	616	0	0
IS	6948	590	590	0	0
IS	6949	565	565	0	0
IS	6950	555	555	0	0
IS	6951	562	562	0	0
IS	6952	550	550	0	0
IS	6953	604	604	0	0
IS	6954	515	515	0	0
IS	6955	561	561	0	0
IS	6956	567	567	0	0
IS	6957	548	548	0	0
IS	6958	611	611	0	0
IS	6959	602	602	0	0
IS	6960	573	573	0	0
IS	6961	544	544	0	0
IS	6962	498	498	0	0
IS	6963	534	534	0	0
IS	6964	540	540	0	0
IS	6965	610	610	0	0
IS	6966	563	563	0	0
IS	6967	551	551	0	0
IS	6968	618	618	0	0
IS	6969	557	557	0	0
IS	6970	522	522	0	0
IS	6971	507	507	0	0
IS	6972	554	554	0	0
IS	6973	556	556	0	0
IS	6974	560	560	0	0
IS	6975	536	536	0	0
IS	6976	566	565	1	0
IS	6977	511	511	0	0
IS	6978	552	552	0	0
IS	6979	558	558	0	0
IS	6980	563	563	0	0
IS	6981	526	526	0	0
IS	6982	532	532	0	0
IS	6983	578	578	0	0
IS	6984	558	558	0	0
IS	6985	520	520	0	0
IS	6986	520	520	0	0
IS	6987	513	513	0	0
IS	6988	516	516	0	0
IS	6989	500	500	0	0
IS	6990	519	519	0	0
IS	6991	508	507	1	0
IS	6992	493	493	0	0
IS	6993	558	558	0	0
IS	6994	496	496	0	0
IS	6995	511	511	0	0
IS	6996	549	549	0	0
IS	6997	529	529	0	0
IS	6998	541	541	0	0
IS	6999	565	565	0	0
IS	7000	500	500	0	0
IS	7001	531	531	0	0
IS	7002	493	493	0	0
IS	7003	461	460	1	0
IS	7004	511	511	0	0
IS	7005	492	492	0	0
IS	7006	543	543	0	0
IS	7007	477	477	0	0
IS	7008	496	496	0	0
IS	7009	490	490	0	0
IS	7010	526	526	0	0
IS	7011	561	561	0	0
IS	7012	477	477	0	0
IS	7013	469	469	0	0
IS	7014	513	513	0	0
IS	7015	536	536	0	0
IS	7016	538	538	0	0
IS	7017	520	520	0	0
IS	7018	533	533	0	0
IS	7019	500	500	0	0
IS	7020	507	507	0	0
IS	7021	467	467	0	0
IS	7022	565	565	0	0
IS	7023	515	515	0	0
IS	7024	517	517	0	0
IS	7025	540	540	0	0
IS	7026	484	484	0	0
IS	7027	505	505	0	0
IS	7028	489	488	1	0
IS	7029	521	521	0	0
IS	7030	452	452	0	0
IS	7031	528	528	0	0
IS	7032	521	521	0	0
IS	7033	495	495	0	0
IS	7034	513	513	0	0
IS	7035	581	581	0	0
IS	7036	465	465	0	0
IS	7037	489	489	0	0
IS	7038	532	532	0	0
IS	7039	462	462	0	0
IS	7040	455	455	0	0
IS	7041	525	525	0	0
IS	7042	486	486	0	0
IS	7043	526	526	0	0
IS	7044	522	522	0	0
IS	7045	502	502	0	0
IS	7046	475	475	0	0
IS	7047	455	455	0	0
IS	7048	478	478	0	0
IS	7049	480	480	0	0
IS	7050	529	529	0	0
IS	7051	488	488	0	0
IS	7052	491	491	0	0
IS	7053	495	495	0	0
IS	7054	472	472	0	0
IS	7055	476	476	0	0
IS	7056	464	464	0	0
IS	7057	439	438	1	0
IS	7058	449	449	0	0
IS	7059	433	433	0	0
IS	7060	437	437	0	0
IS	7061	448	448	0	0
IS	7062	473	473	0	0
IS	7063	518	518	0	0
IS	7064	495	494	1	0
IS	7065	456	455	1	0
IS	7066	470	470	0	0
IS	7067	475	475	0	0
IS	7068	492	492	0	0
IS	7069	466	466	0	0
IS	7070	510	510	0	0
IS	7071	513	513	0	0
IS	7072	451	451	0	0
IS	7073	462	462	0	0
IS	7074	450	450	0	0
IS	7075	438	438	0	0
IS	7076	451	451	0	0
IS	7077	482	482	0	0
IS	7078	462	461	1	0
IS	7079	501	501	0	0
IS	7080	456	456	0	0
IS	7081	502	502	0	0
IS	7082	488	488	0	0
IS	7083	484	484	0	0
IS	7084	476	476	0	0
IS	7085	508	508	0	0
IS	7086	470	470	0	0
IS	7087	482	482	0	0
IS	7088	525	525	0	0
IS	7089	434	434	0	0
IS	7090	471	471	0	0
IS	7091	512	512	0	0
IS	7092	492	492	0	0
IS	7093	455	455	0	0
IS	7094	480	479	1	0
IS	7095	498	498	0	0
IS	7096	439	439	0	0
IS	7097	539	539	0	0
IS	7098	473	473	0	0
IS	7099	467	467	0	0
IS	7100	489	489	0	0
IS	7101	486	486	0	0
IS	7102	447	447	0	0
IS	7103	445	445	0	0
IS	7104	536	536	0	0
IS	7105	513	513	0	0
IS	7106	482	482	0	0
IS	7107	479	479	0	0
IS	7108	488	488	0	0
IS	7109	449	449	0	0
IS	7110	492	492	0	0
IS	7111	490	490	0	0
IS	7112	488	488	0	0
IS	7113	516	516	0	0
IS	7114	495	495	0	0
IS	7115	450	450	0	0
IS	7116	506	506	0	0
IS	7117	455	455	0	0
IS	7118	464	464	0	0
IS	7119	483	483	0	0
IS	7120	516	516	0	0
IS	7121	512	512	0	0
IS	7122	482	482	0	0
IS	7123	486	486	0	0
IS	7124	489	489	0	0
IS	7125	499	499	0	0
IS	7126	468	468	0	0
IS	7127	479	479	0	0
IS	7128	453	453	0	0
IS	7129	496	496	0	0
IS	7130	486	486	0	0
IS	7131	475	475	0	0
IS	7132	488	488	0	0
IS	7133	464	464	0	0
IS	7134	543	543	0	0
IS	7135	518	518	0	0
IS	7136	478	478	0	0
IS	7137	524	523	1	0
IS	7138	475	475	0	0
IS	7139	479	478	1	0
IS	7140	461	461	0	0
IS	7141	533	533	0	0
IS	7142	507	507	0	0
IS	7143	503	503	0	0
IS	7144	475	475	0	0
IS	7145	504	504	0	0
IS	7146	505	505	0	0
IS	7147	461	461	0	0
IS	7148	541	541	0	0
IS	7149	457	457	0	0
IS	7150	472	472	0	0
IS	7151	492	492	0	0
IS	7152	470	470	0	0
IS	7153	466	466	0	0
IS	7154	480	480	0	0
IS	7155	475	475	0	0
IS	7156	514	514	0	0
IS	7157	474	474	0	0
IS	7158	489	489	0	0
IS	7159	472	472	0	0
IS	7160	476	476	0	0
IS	7161	433	433	0	0
IS	7162	474	474	0	0
IS	7163	522	522	0	0
IS	7164	471	471	0	0
IS	7165	471	471	0	0
IS	7166	487	487	0	0
IS	7167	479	479	0	0
IS	7168	488	488	0	0
IS	7169	471	471	0	0
IS	7170	491	491	0	0
IS	7171	450	450	0	0
IS	7172	513	513	0	0
IS	7173	487	487	0	0
IS	7174	459	459	0	0
IS	7175	478	478	0	0
IS	7176	459	459	0	0
IS	7177	458	458	0	0
IS	7178	488	488	0	0
IS	7179	479	479	0	0
IS	7180	461	461	0	0
IS	7181	482	482	0	0
IS	7182	502	502	0	0
IS	7183	490	490	0	0
IS	7184	495	495	0	0
IS	7185	501	501	0	0
IS	7186	515	515	0	0
IS	7187	476	476	0	0
IS	7188	508	508	0	0
IS	7189	458	458	0	0
IS	7190	472	472	0	0
IS	7191	448	448	0	0
IS	7192	521	521	0	0
IS	7193	537	537	0	0
IS	7194	464	464	0	0
IS	7195	507	507	0	0
IS	7196	484	484	0	0
IS	7197	454	454	0	0
IS	7198	516	516	0	0
IS	7199	506	506	0	0
IS	7200	484	484	0	0
IS	7201	491	491	0	0
IS	7202	442	442	0	0
IS	7203	511	511	0	0
IS	7204	469	469	0	0
IS	7205	452	452	0	0
IS	7206	510	510	0	0
IS	7207	489	489	0	0
IS	7208	469	469	0	0
IS	7209	456	456	0	0
IS	7210	482	482	0	0
IS	7211	522	522	0	0
IS	7212	506	506	0	0
IS	7213	492	492	0	0
IS	7214	490	490	0	0
IS	7215	482	482	0	0
IS	7216	465	465	0	0
IS	7217	470	470	0	0
IS	7218	437	437	0	0
IS	7219	511	511	0	0
IS	7220	472	472	0	0
IS	7221	486	486	0	0
IS	7222	470	470	0	0
IS	7223	483	483	0	0
IS	7224	473	473	0	0
IS	7225	554	554	0	0
IS	7226	494	494	0	0
IS	7227	539	539	0	0
IS	7228	461	461	0	0
IS	7229	507	507	0	0
IS	7230	505	505	0	0
IS	7231	481	481	0	0
IS	7232	480	480	0	0
IS	7233	507	506	1	0
IS	7234	465	465	0	0
IS	7235	498	498	0	0
IS	7236	451	451	0	0
IS	7237	519	519	0	0
IS	7238	505	505	0	0
IS	7239	507	507	0	0
IS	7240	487	487	0	0
IS	7241	518	518	0	0
IS	7242	498	498	0	0
IS	7243	529	529	0	0
IS	7244	480	480	0	0
IS	7245	508	508	0	0
IS	7246	482	482	0	0
IS	7247	498	498	0	0
IS	7248	497	497	0	0
IS	7249	450	450	0	0
IS	7250	466	466	0	0
IS	7251	441	441	0	0
IS	7252	474	474	0	0
IS	7253	492	492	0	0
IS	7254	469	468	1	0
IS	7255	515	515	0	0
IS	7256	527	527	0	0
IS	7257	478	478	0	0
IS	7258	525	525	0	0
IS	7259	484	484	0	0
IS	7260	479	479	0	0
IS	7261	478	478	0	0
IS	7262	510	510	0	0
IS	7263	465	465	0	0
IS	7264	502	502	0	0
IS	7265	521	520	1	0
IS	7266	472	472	0	0
IS	7267	508	508	0	0
IS	7268	494	494	0	0
IS	7269	501	501	0	0
IS	7270	469	469	0	0
IS	7271	471	471	0	0
IS	7272	504	504	0	0
IS	7273	540	540	0	0
IS	7274	472	472	0	0
IS	7275	533	533	0	0
IS	7276	463	463	0	0
IS	7277	466	466	0	0
IS	7278	500	500	0	0
IS	7279	516	515	1	0
IS	7280	519	519	0	0
IS	7281	502	502	0	0
IS	7282	535	535	0	0
IS	7283	493	492	1	0
IS	7284	530	529	1	0
IS	7285	487	487	0	0
IS	7286	487	487	0	0
IS	7287	501	501	0	0
IS	7288	510	510	0	0
IS	7289	489	489	0	0
IS	7290	527	527	0	0
IS	7291	501	501	0	0
IS	7292	483	483	0	0
IS	7293	554	553	1	0
IS	7294	478	478	0	0
IS	7295	478	478	0	0
IS	7296	488	488	0	0
IS	7297	467	467	0	0
IS	7298	479	479	0	0
IS	7299	530	530	0	0
IS	7300	505	505	0	0
IS	7301	534	534	0	0
IS	7302	479	479	0	0
IS	7303	498	498	0	0
IS	7304	557	557	0	0
IS	7305	479	479	0	0
IS	7306	552	552	0	0
IS	7307	458	458	0	0
IS	7308	493	493	0	0
IS	7309	476	476	0	0
IS	7310	492	492	0	0
IS	7311	537	537	0	0
IS	7312	503	502	1	0
IS	7313	452	451	1	0
IS	7314	511	511	0	0
IS	7315	532	532	0	0
IS	7316	497	497	0	0
IS	7317	492	492	0	0
IS	7318	511	511	0	0
IS	7319	516	516	0	0
IS	7320	483	483	0	0
IS	7321	465	465	0	0
IS	7322	507	507	0	0
IS	7323	495	495	0	0
IS	7324	471	471	0	0
IS	7325	482	482	0	0
IS	7326	523	523	0	0
IS	7327	441	441	0	0
IS	7328	465	465	0	0
IS	7329	485	485	0	0
IS	7330	424	424	0	0
IS	7331	508	506	2	0
IS	7332	492	492	0	0
IS	7333	450	450	0	0
IS	7334	482	482	0	0
IS	7335	479	479	0	0
IS	7336	524	524	0	0
IS	7337	462	460	2	0
IS	7338	527	527	0	0
IS	7339	498	498	0	0
IS	7340	525	524	1	0
IS	7341	462	462	0	0
IS	7342	487	487	0	0
IS	7343	479	479	0	0
IS	7344	498	498	0	0
IS	7345	478	478	0	0
IS	7346	499	499	0	0
IS	7347	502	502	0	0
IS	7348	495	495	0	0
IS	7349	437	437	0	0
IS	7350	437	437	0	0
IS	7351	534	534	0	0
IS	7352	481	481	0	0
IS	7353	490	490	0	0
IS	7354	480	480	0	0
IS	7355	496	496	0	0
IS	7356	491	491	0	0
IS	7357	457	457	0	0
IS	7358	467	467	0	0
IS	7359	544	544	0	0
IS	7360	452	452	0	0
IS	7361	490	490	0	0
IS	7362	480	480	0	0
IS	7363	499	499	0	0
IS	7364	462	462	0	0
IS	7365	496	496	0	0
IS	7366	473	473	0	0
IS	7367	512	512	0	0
IS	7368	495	495	0	0
IS	7369	503	502	1	0
IS	7370	512	512	0	0
IS	7371	525	525	0	0
IS	7372	508	508	0	0
IS	7373	573	573	0	0
IS	7374	533	533	0	0
IS	7375	526	526	0	0
IS	7376	518	518	0	0
IS	7377	501	501	0	0
IS	7378	474	474	0	0
IS	7379	505	505	0	0
IS	7380	523	521	2	0
IS	7381	479	479	0	0
IS	7382	487	487	0	0
IS	7383	501	501	0	0
IS	7384	525	525	0	0
IS	7385	514	514	0	0
IS	7386	455	455	0	0
IS	7387	480	480	0	0
IS	7388	513	513	0	0
IS	7389	543	543	0	0
IS	7390	491	491	0	0
IS	7391	502	502	0	0
IS	7392	503	503	0	0
IS	7393	496	496	0	0
IS	7394	462	462	0	0
IS	7395	503	503	0	0
IS	7396	534	534	0	0
IS	7397	495	495	0	0
IS	7398	463	463	0	0
IS	7399	474	474	0	0
IS	7400	460	460	0	0
IS	7401	541	541	0	0
IS	7402	494	494	0	0
IS	7403	489	489	0	0
IS	7404	475	475	0	0
IS	7405	518	518	0	0
IS	7406	538	538	0	0
IS	7407	464	464	0	0
IS	7408	476	476	0	0
IS	7409	551	551	0	0
IS	7410	471	471	0	0
IS	7411	583	583	0	0
IS	7412	467	467	0	0
IS	7413	501	501	0	0
IS	7414	498	498	0	0
IS	7415	526	526	0	0
IS	7416	540	540	0	0
IS	7417	523	523	0	0
IS	7418	480	480	0	0
IS	7419	527	527	0	0
IS	7420	568	568	0	0
IS	7421	529	529	0	0
IS	7422	539	539	0	0
IS	7423	492	492	0	0
IS	7424	560	560	0	0
IS	7425	551	550	1	0
IS	7426	525	524	1	0
IS	7427	528	528	0	0
IS	7428	464	464	0	0
IS	7429	585	585	0	0
IS	7430	529	529	0	0
IS	7431	569	569	0	0
IS	7432	523	523	0	0
IS	7433	523	523	0	0
IS	7434	520	520	0	0
IS	7435	486	486	0	0
IS	7436	567	567	0	0
IS	7437	567	567	0	0
IS	7438	554	554	0	0
IS	7439	556	556	0	0
IS	7440	554	554	0	0
IS	7441	541	541	0	0
IS	7442	505	505	0	0
IS	7443	596	596	0	0
IS	7444	561	561	0	0
IS	7445	533	533	0	0
IS	7446	576	576	0	0
IS	7447	529	529	0	0
IS	7448	564	564	0	0
IS	7449	555	555	0	0
IS	7450	514	514	0	0
IS	7451	539	539	0	0
IS	7452	549	549	0	0
IS	7453	576	576	0	0
IS	7454	578	578	0	0
IS	7455	491	491	0	0
IS	7456	546	546	0	0
IS	7457	528	528	0	0
IS	7458	529	529	0	0
IS	7459	575	575	0	0
IS	7460	553	553	0	0
IS	7461	507	506	1	0
IS	7462	499	499	0	0
IS	7463	514	514	0	0
IS	7464	517	517	0	0
IS	7465	530	530	0	0
IS	7466	506	506	0	0
IS	7467	460	460	0	0
IS	7468	544	544	0	0
IS	7469	511	511	0	0
IS	7470	522	522	0	0
IS	7471	521	521	0	0
IS	7472	516	516	0	0
IS	7473	557	557	0	0
IS	7474	462	462	0	0
IS	7475	501	501	0	0
IS	7476	499	499	0	0
IS	7477	496	496	0	0
IS	7478	521	521	0	0
IS	7479	479	479	0	0
IS	7480	477	477	0	0
IS	7481	500	500	0	0
IS	7482	551	551	0	0
IS	7483	498	498	0	0
IS	7484	477	477	0	0
IS	7485	481	481	0	0
IS	7486	489	489	0	0
IS	7487	483	483	0	0
IS	7488	487	487	0	0
IS	7489	513	513	0	0
IS	7490	504	504	0	0
IS	7491	509	509	0	0
IS	7492	521	521	0	0
IS	7493	502	502	0	0
IS	7494	518	518	0	0
IS	7495	524	524	0	0
IS	7496	470	470	0	0
IS	7497	528	528	0	0
IS	7498	520	519	1	0
IS	7499	564	564	0	0
IS	7500	533	533	0	0
IS	7501	554	554	0	0
IS	7502	492	492	0	0
IS	7503	532	532	0	0
IS	7504	445	444	1	0
IS	7505	568	568	0	0
IS	7506	492	492	0	0
IS	7507	541	541	0	0
IS	7508	521	521	0	0
IS	7509	526	526	0	0
IS	7510	502	502	0	0
IS	7511	502	502	0	0
IS	7512	487	487	0	0
IS	7513	525	525	0	0
IS	7514	551	551	0	0
IS	7515	516	516	0	0
IS	7516	519	519	0	0
IS	7517	517	517	0	0
IS	7518	558	558	0	0
IS	7519	550	550	0	0
IS	7520	528	528	0	0
IS	7521	557	557	0	0
IS	7522	501	501	0	0
IS	7523	480	480	0	0
IS	7524	496	496	0	0
IS	7525	505	505	0	0
IS	7526	481	480	1	0
IS	7527	512	511	1	0
IS	7528	499	499	0	0
IS	7529	490	490	0	0
IS	7530	507	506	1	0
IS	7531	456	456	0	0
IS	7532	499	499	0	0
IS	7533	537	537	0	0
IS	7534	526	526	0	0
IS	7535	515	515	0	0
IS	7536	486	486	0	0
IS	7537	479	479	0	0
IS	7538	530	530	0	0
IS	7539	481	481	0	0
IS	7540	457	457	0	0
IS	7541	511	511	0	0
IS	7542	471	471	0	0
IS	7543	509	509	0	0
IS	7544	549	549	0	0
IS	7545	488	488	0	0
IS	7546	515	515	0	0
IS	7547	505	505	0	0
IS	7548	496	495	1	0
IS	7549	497	497	0	0
IS	7550	480	480	0	0
IS	7551	520	520	0	0
IS	7552	527	526	1	0
IS	7553	541	541	0	0
IS	7554	488	488	0	0
IS	7555	507	507	0	0
IS	7556	531	531	0	0
IS	7557	533	533	0	0
IS	7558	524	524	0	0
IS	7559	522	522	0	0
IS	7560	471	471	0	0
IS	7561	494	494	0	0
IS	7562	551	551	0	0
IS	7563	501	501	0	0
IS	7564	498	498	0	0
IS	7565	523	523	0	0
IS	7566	512	512	0	0
IS	7567	511	511	0	0
IS	7568	505	504	1	0
IS	7569	529	529	0	0
IS	7570	514	514	0	0
IS	7571	536	536	0	0
IS	7572	497	497	0	0
IS	7573	489	489	0	0
IS	7574	505	505	0	0
IS	7575	471	471	0	0
IS	7576	535	535	0	0
IS	7577	574	574	0	0
IS	7578	562	562	0	0
IS	7579	528	528	0	0
IS	7580	517	517	0	0
IS	7581	517	517	0	0
IS	7582	527	525	2	0
IS	7583	496	496	0	0
IS	7584	511	511	0	0
IS	7585	499	499	0	0
IS	7586	530	530	0	0
IS	7587	500	500	0	0
IS	7588	473	473	0	0
IS	7589	536	536	0	0
IS	7590	461	461	0	0
IS	7591	470	470	0	0
IS	7592	463	463	0	0
IS	7593	461	461	0	0
IS	7594	503	503	0	0
IS	7595	487	487	0	0
IS	7596	475	475	0	0
IS	7597	467	467	0	0
IS	7598	488	488	0	0
IS	7599	477	477	0	0
IS	7600	444	444	0	0
IS	7601	478	478	0	0
IS	7602	476	476	0	0
IS	7603	469	469	0	0
IS	7604	495	495	0	0
IS	7605	508	508	0	0
IS	7606	481	481	0	0
IS	7607	496	496	0	0
IS	7608	490	490	0	0
IS	7609	452	452	0	0
IS	7610	471	471	0	0
IS	7611	480	480	0	0
IS	7612	532	532	0	0
IS	7613	473	473	0	0
IS	7614	474	474	0	0
IS	7615	469	469	0	0
IS	7616	446	446	0	0
IS	7617	494	494	0	0
IS	7618	451	451	0	0
IS	7619	457	457	0	0
IS	7620	438	438	0	0
IS	7621	456	456	0	0
IS	7622	432	432	0	0
IS	7623	490	490	0	0
IS	7624	371	371	0	0
IS	7625	455	455	0	0
IS	7626	455	455	0	0
IS	7627	448	447	1	0
IS	7628	523	523	0	0
IS	7629	471	470	1	0
IS	7630	513	513	0	0
IS	7631	413	413	0	0
IS	7632	490	490	0	0
IS	7633	453	453	0	0
IS	7634	422	422	0	0
IS	7635	455	455	0	0
IS	7636	424	424	0	0
IS	7637	447	447	0	0
IS	7638	437	437	0	0
IS	7639	435	435	0	0
IS	7640	458	458	0	0
IS	7641	481	481	0	0
IS	7642	419	419	0	0
IS	7643	434	434	0	0
IS	7644	455	455	0	0
IS	7645	418	418	0	0
IS	7646	413	413	0	0
IS	7647	423	423	0	0
IS	7648	364	364	0	0
IS	7649	423	423	0	0
IS	7650	463	463	0	0
IS	7651	457	457	0	0
IS	7652	504	504	0	0
IS	7653	463	463	0	0
IS	7654	509	509	0	0
IS	7655	416	416	0	0
IS	7656	435	435	0	0
IS	7657	405	405	0	0
IS	7658	429	429	0	0
IS	7659	450	450	0	0
IS	7660	466	466	0	0
IS	7661	479	479	0	0
IS	7662	456	456	0	0
IS	7663	456	456	0	0
IS	7664	470	470	0	0
IS	7665	448	448	0	0
IS	7666	455	455	0	0
IS	7667	450	450	0	0
IS	7668	441	441	0	0
IS	7669	403	403	0	0
IS	7670	477	477	0	0
IS	7671	490	490	0	0
IS	7672	452	452	0	0
IS	7673	420	420	0	0
IS	7674	497	497	0	0
IS	7675	504	503	1	0
IS	7676	441	441	0	0
IS	7677	446	446	0	0
IS	7678	487	487	0	0
IS	7679	443	443	0	0
IS	7680	475	475	0	0
IS	7681	416	416	0	0
IS	7682	447	447	0	0
IS	7683	471	471	0	0
IS	7684	511	511	0	0
IS	7685	472	472	0	0
IS	7686	412	412	0	0
IS	7687	435	435	0	0
IS	7688	418	418	0	0
IS	7689	466	465	1	0
IS	7690	441	441	0	0
IS	7691	485	485	0	0
IS	7692	488	488	0	0
IS	7693	497	497	0	0
IS	7694	421	421	0	0
IS	7695	443	443	0	0
IS	7696	431	431	0	0
IS	7697	445	445	0	0
IS	7698	432	432	0	0
IS	7699	450	449	1	0
IS	7700	493	493	0	0
IS	7701	450	450	0	0
IS	7702	470	470	0	0
IS	7703	443	443	0	0
IS	7704	444	443	1	0
IS	7705	470	470	0	0
IS	7706	469	469	0	0
IS	7707	444	444	0	0
IS	7708	455	455	0	0
IS	7709	461	461	0	0
IS	7710	435	435	0	0
IS	7711	460	460	0	0
IS	7712	476	476	0	0
IS	7713	469	469	0	0
IS	7714	487	487	0	0
IS	7715	400	400	0	0
IS	7716	433	433	0	0
IS	7717	458	458	0	0
IS	7718	461	461	0	0
IS	7719	426	426	0	0
IS	7720	457	457	0	0
IS	7721	411	411	0	0
IS	7722	437	437	0	0
IS	7723	459	459	0	0
IS	7724	469	469	0	0
IS	7725	433	433	0	0
IS	7726	427	427	0	0
IS	7727	431	431	0	0
IS	7728	473	472	1	0
IS	7729	406	406	0	0
IS	7730	439	439	0	0
IS	7731	466	466	0	0
IS	7732	430	430	0	0
IS	7733	430	430	0	0
IS	7734	458	458	0	0
IS	7735	467	467	0	0
IS	7736	412	412	0	0
IS	7737	434	434	0	0
IS	7738	450	450	0	0
IS	7739	454	454	0	0
IS	7740	453	453	0	0
IS	7741	423	423	0	0
IS	7742	464	464	0	0
IS	7743	457	457	0	0
IS	7744	451	451	0	0
IS	7745	354	354	0	0
IS	7746	411	411	0	0
IS	7747	435	435	0	0
IS	7748	471	471	0	0
IS	7749	423	423	0	0
IS	7750	393	393	0	0
IS	7751	430	430	0	0
IS	7752	427	427	0	0
IS	7753	431	431	0	0
IS	7754	421	421	0	0
IS	7755	369	369	0	0
IS	7756	407	407	0	0
IS	7757	462	462	0	0
IS	7758	459	459	0	0
IS	7759	426	426	0	0
IS	7760	408	408	0	0
IS	7761	449	449	0	0
IS	7762	434	434	0	0
IS	7763	474	474	0	0
IS	7764	468	468	0	0
IS	7765	449	449	0	0
IS	7766	390	390	0	0
IS	7767	416	416	0	0
IS	7768	438	438	0	0
IS	7769	448	448	0	0
IS	7770	420	420	0	0
IS	7771	393	392	1	0
IS	7772	455	455	0	0
IS	7773	414	414	0	0
IS	7774	394	394	0	0
IS	7775	440	440	0	0
IS	7776	440	440	0	0
IS	7777	401	401	0	0
IS	7778	378	378	0	0
IS	7779	396	396	0	0
IS	7780	404	404	0	0
IS	7781	402	402	0	0
IS	7782	445	444	1	0
IS	7783	437	437	0	0
IS	7784	448	448	0	0
IS	7785	393	393	0	0
IS	7786	397	397	0	0
IS	7787	445	445	0	0
IS	7788	438	438	0	0
IS	7789	459	459	0	0
IS	7790	390	390	0	0
IS	7791	431	431	0	0
IS	7792	473	473	0	0
IS	7793	401	401	0	0
IS	7794	397	397	0	0
IS	7795	421	421	0	0
IS	7796	398	398	0	0
IS	7797	397	397	0	0
IS	7798	422	422	0	0
IS	7799	438	438	0	0
IS	7800	445	445	0	0
IS	7801	469	468	1	0
IS	7802	394	394	0	0
IS	7803	431	431	0	0
IS	7804	417	417	0	0
IS	7805	422	422	0	0
IS	7806	431	431	0	0
IS	7807	455	454	1	0
IS	7808	428	428	0	0
IS	7809	388	388	0	0
IS	7810	409	409	0	0
IS	7811	405	405	0	0
IS	7812	404	404	0	0
IS	7813	415	415	0	0
IS	7814	420	420	0	0
IS	7815	444	444	0	0
IS	7816	429	429	0	0
IS	7817	455	454	1	0
IS	7818	409	409	0	0
IS	7819	396	396	0	0
IS	7820	425	425	0	0
IS	7821	381	381	0	0
IS	7822	385	385	0	0
IS	7823	418	417	1	0
IS	7824	441	441	0	0
IS	7825	399	399	0	0
IS	7826	422	422	0	0
IS	7827	425	425	0	0
IS	7828	402	402	0	0
IS	7829	418	418	0	0
IS	7830	387	387	0	0
IS	7831	418	418	0	0
IS	7832	459	459	0	0
IS	7833	407	407	0	0
IS	7834	414	414	0	0
IS	7835	431	431	0	0
IS	7836	425	425	0	0
IS	7837	422	422	0	0
IS	7838	414	414	0	0
IS	7839	445	445	0	0
IS	7840	436	436	0	0
IS	7841	483	483	0	0
IS	7842	386	386	0	0
IS	7843	408	408	0	0
IS	7844	439	439	0	0
IS	7845	428	428	0	0
IS	7846	437	437	0	0
IS	7847	361	361	0	0
IS	7848	446	446	0	0
IS	7849	471	471	0	0
IS	7850	414	414	0	0
IS	7851	454	454	0	0
IS	7852	455	454	1	0
IS	7853	443	443	0	0
IS	7854	410	410	0	0
IS	7855	442	442	0	0
IS	7856	434	434	0	0
IS	7857	414	414	0	0
IS	7858	428	428	0	0
IS	7859	448	448	0	0
IS	7860	442	442	0	0
IS	7861	383	383	0	0
IS	7862	448	448	0	0
IS	7863	368	368	0	0
IS	7864	441	441	0	0
IS	7865	422	422	0	0
IS	7866	455	455	0	0
IS	7867	368	367	1	0
IS	7868	442	442	0	0
IS	7869	437	437	0	0
IS	7870	429	429	0	0
IS	7871	451	451	0	0
IS	7872	411	411	0	0
IS	7873	427	427	0	0
IS	7874	410	410	0	0
IS	7875	370	370	0	0
IS	7876	440	440	0	0
IS	7877	414	414	0	0
IS	7878	398	398	0	0
IS	7879	481	481	0	0
IS	7880	460	460	0	0
IS	7881	419	419	0	0
IS	7882	425	425	0	0
IS	7883	426	426	0	0
IS	7884	454	454	0	0
IS	7885	423	423	0	0
IS	7886	408	408	0	0
IS	7887	450	450	0	0
IS	7888	405	405	0	0
IS	7889	410	410	0	0
IS	7890	475	474	1	0
IS	7891	441	441	0	0
IS	7892	435	435	0	0
IS	7893	404	404	0	0
IS	7894	434	434	0	0
IS	7895	403	403	0	0
IS	7896	432	432	0	0
IS	7897	462	462	0	0
IS	7898	391	391	0	0
IS	7899	436	436	0	0
IS	7900	450	450	0	0
IS	7901	450	450	0	0
IS	7902	460	460	0	0
IS	7903	455	455	0	0
IS	7904	465	465	0	0
IS	7905	427	427	0	0
IS	7906	455	455	0	0
IS	7907	460	460	0	0
IS	7908	411	411	0	0
IS	7909	429	429	0	0
IS	7910	468	468	0	0
IS	7911	426	425	1	0
IS	7912	453	453	0	0
IS	7913	457	457	0	0
IS	7914	378	378	0	0
IS	7915	412	412	0	0
IS	7916	461	461	0	0
IS	7917	404	404	0	0
IS	7918	422	422	0	0
IS	7919	379	379	0	0
IS	7920	442	442	0	0
IS	7921	404	404	0	0
IS	7922	454	454	0	0
IS	7923	447	447	0	0
IS	7924	408	408	0	0
IS	7925	453	453	0	0
IS	7926	422	422	0	0
IS	7927	388	388	0	0
IS	7928	400	400	0	0
IS	7929	408	408	0	0
IS	7930	390	390	0	0
IS	7931	378	378	0	0
IS	7932	352	352	0	0
IS	7933	434	434	0	0
IS	7934	385	385	0	0
IS	7935	400	400	0	0
IS	7936	389	389	0	0
IS	7937	409	409	0	0
IS	7938	370	370	0	0
IS	7939	396	396	0	0
IS	7940	422	422	0	0
IS	7941	427	427	0	0
IS	7942	379	379	0	0
IS	7943	428	428	0	0
IS	7944	455	455	0	0
IS	7945	419	419	0	0
IS	7946	387	387	0	0
IS	7947	428	428	0	0
IS	7948	438	438	0	0
IS	7949	435	435	0	0
IS	7950	394	393	1	0
IS	7951	430	430	0	0
IS	7952	390	390	0	0
IS	7953	407	407	0	0
IS	7954	438	438	0	0
IS	7955	393	393	0	0
IS	7956	429	429	0	0
IS	7957	390	390	0	0
IS	7958	389	389	0	0
IS	7959	401	401	0	0
IS	7960	403	403	0	0
IS	7961	386	386	0	0
IS	7962	418	418	0	0
IS	7963	355	355	0	0
IS	7964	378	378	0	0
IS	7965	373	373	0	0
IS	7966	345	345	0	0
IS	7967	431	431	0	0
IS	7968	401	401	0	0
IS	7969	364	363	1	0
IS	7970	397	397	0	0
IS	7971	367	367	0	0
IS	7972	415	415	0	0
IS	7973	355	355	0	0
IS	7974	371	371	0	0
IS	7975	378	377	1	0
IS	7976	358	358	0	0
IS	7977	410	410	0	0
IS	7978	359	359	0	0
IS	7979	389	389	0	0
IS	7980	351	351	0	0
IS	7981	378	378	0	0
IS	7982	398	397	1	0
IS	7983	369	369	0	0
IS	7984	364	363	1	0
IS	7985	389	389	0	0
IS	7986	338	338	0	0
IS	7987	368	368	0	0
IS	7988	337	337	0	0
IS	7989	377	377	0	0
IS	7990	403	403	0	0
IS	7991	362	362	0	0
IS	7992	360	360	0	0
IS	7993	325	325	0	0
IS	7994	374	374	0	0
IS	7995	397	397	0	0
IS	7996	375	375	0	0
IS	7997	332	332	0	0
IS	7998	380	380	0	0
IS	7999	411	411	0	0
IS	8000	3402046	3400721	1325	0
# Read lengths. Use `grep ^RL | cut -f 2-` to extract this part. The columns are: read length, count
RL	35	3182
RL	36	3459
RL	37	3419
RL	38	3809
RL	39	4407
RL	40	7033
RL	41	12538
RL	42	16335
RL	43	44536
RL	44	11222
RL	45	31757
RL	46	106559
RL	47	2934
RL	48	2948
RL	49	2930
RL	50	3110
RL	51	78800326
# Read lengths - first fragments. Use `grep ^FRL | cut -f 2-` to extract this part. The columns are: read length, count
FRL	35	1589
FRL	36	1732
FRL	37	1699
FRL	38	1878
FRL	39	2204
FRL	40	3490
FRL	41	6229
FRL	42	8124
FRL	43	22354
FRL	44	5562
FRL	45	15912
FRL	46	53200
FRL	47	1467
FRL	48	1474
FRL	49	1465
FRL	50	1555
FRL	51	39400318
# Read lengths - last fragments. Use `grep ^LRL | cut -f 2-` to extract this part. The columns are: read length, count
LRL	35	1593
LRL	36	1727
LRL	37	1720
LRL	38	1931
LRL	39	2203
LRL	40	3543
LRL	41	6309
LRL	42	8211
LRL	43	22182
LRL	44	5660
LRL	45	15845
LRL	46	53359
LRL	47	1467
LRL	48	1474
LRL	49	1465
LRL	50	1555
LRL	51	39400008
# Indel distribution. Use `grep ^ID | cut -f 2-` to extract this part. The columns are: length, number of insertions, number of deletions
ID	1	55510	43199
ID	2	5647	15941
ID	3	1311	2415
ID	4	2281	904
ID	5	177	515
ID	6	141	6009
ID	7	33	119
ID	8	1	46
ID	9	2	54
ID	10	0	19
ID	11	0	3
# Indels per cycle. Use `grep ^IC | cut -f 2-` to extract this part. The columns are: cycle, number of insertions (fwd), .. (rev) , number of deletions (fwd), .. (rev)
IC	5	0	0	2	3
IC	6	2	0	9	6
IC	7	3	0	53	58
IC	8	81	70	114	105
IC	9	167	164	232	193
IC	10	465	380	334	345
IC	11	619	510	540	509
IC	12	787	667	658	632
IC	13	723	612	777	748
IC	14	739	645	821	821
IC	15	650	570	1043	979
IC	16	515	536	1009	1067
IC	17	717	729	1106	1160
IC	18	866	856	1184	1085
IC	19	969	876	1205	1224
IC	20	961	1027	1209	1266
IC	21	1258	1252	1219	1309
IC	22	1337	1316	1214	1205
IC	23	1310	1290	1358	1310
IC	24	1666	1591	1507	1506
IC	25	1804	1718	1517	1497
IC	26	1165	1196	1470	1327
IC	27	1895	1783	1432	1358
IC	28	1297	1212	1244	1307
IC	29	1417	1364	1241	1244
IC	30	1302	1251	1249	1165
IC	31	1299	1304	1185	1185
IC	32	1210	1108	1191	1154
IC	33	1066	1016	1216	1153
IC	34	1003	931	1129	1109
IC	35	773	645	1093	1045
IC	36	665	587	1084	1044
IC	37	761	687	1014	938
IC	38	753	708	928	913
IC	39	859	765	832	782
IC	40	985	815	742	689
IC	41	789	676	480	450
IC	42	365	364	173	178
IC	43	184	217	89	83
IC	44	117	104	49	51
IC	45	7	2	19	39
IC	46	4	0	2	7
IC	47	2	2	1	1
# Coverage distribution. Use `grep ^COV | cut -f 2-` to extract this part.
COV	[1-1]	1	107876013
COV	[2-2]	2	29785102
COV	[3-3]	3	13962594
COV	[4-4]	4	8163015
COV	[5-5]	5	5444301
COV	[6-6]	6	3934098
COV	[7-7]	7	3027681
COV	[8-8]	8	2420685
COV	[9-9]	9	2021581
COV	[10-10]	10	1747463
COV	[11-11]	11	1540978
COV	[12-12]	12	1386252
COV	[13-13]	13	1263022
COV	[14-14]	14	1164002
COV	[15-15]	15	1084148
COV	[16-16]	16	1016010
COV	[17-17]	17	954219
COV	[18-18]	18	903534
COV	[19-19]	19	857279
COV	[20-20]	20	813562
COV	[21-21]	21	773605
COV	[22-22]	22	742707
COV	[23-23]	23	713620
COV	[24-24]	24	685760
COV	[25-25]	25	659083
COV	[26-26]	26	635047
COV	[27-27]	27	611031
COV	[28-28]	28	589461
COV	[29-29]	29	568633
COV	[30-30]	30	551372
COV	[31-31]	31	531214
COV	[32-32]	32	513536
COV	[33-33]	33	498261
COV	[34-34]	34	482662
COV	[35-35]	35	469987
COV	[36-36]	36	452869
COV	[37-37]	37	440779
COV	[38-38]	38	427175
COV	[39-39]	39	414791
COV	[40-40]	40	404441
COV	[41-41]	41	392798
COV	[42-42]	42	377053
COV	[43-43]	43	367531
COV	[44-44]	44	356618
COV	[45-45]	45	346461
COV	[46-46]	46	337166
COV	[47-47]	47	328800
COV	[48-48]	48	320515
COV	[49-49]	49	312281
COV	[50-50]	50	304397
COV	[51-51]	51	296875
COV	[52-52]	52	288472
COV	[53-53]	53	280973
COV	[54-54]	54	272688
COV	[55-55]	55	265873
COV	[56-56]	56	259646
COV	[57-57]	57	253937
COV	[58-58]	58	247656
COV	[59-59]	59	243501
COV	[60-60]	60	237041
COV	[61-61]	61	231131
COV	[62-62]	62	225425
COV	[63-63]	63	221607
COV	[64-64]	64	217015
COV	[65-65]	65	212719
COV	[66-66]	66	207609
COV	[67-67]	67	203502
COV	[68-68]	68	198537
COV	[69-69]	69	194385
COV	[70-70]	70	190822
COV	[71-71]	71	186631
COV	[72-72]	72	183212
COV	[73-73]	73	179014
COV	[74-74]	74	174466
COV	[75-75]	75	170610
COV	[76-76]	76	166730
COV	[77-77]	77	163562
COV	[78-78]	78	159516
COV	[79-79]	79	156195
COV	[80-80]	80	153605
COV	[81-81]	81	150414
COV	[82-82]	82	147186
COV	[83-83]	83	144464
COV	[84-84]	84	142043
COV	[85-85]	85	139571
COV	[86-86]	86	136492
COV	[87-87]	87	132893
COV	[88-88]	88	131007
COV	[89-89]	89	128946
COV	[90-90]	90	125840
COV	[91-91]	91	123196
COV	[92-92]	92	120879
COV	[93-93]	93	119284
COV	[94-94]	94	117625
COV	[95-95]	95	114848
COV	[96-96]	96	112452
COV	[97-97]	97	110382
COV	[98-98]	98	108856
COV	[99-99]	99	106796
COV	[100-100]	100	104700
COV	[101-101]	101	102623
COV	[102-102]	102	100448
COV	[103-103]	103	99041
COV	[104-104]	104	97120
COV	[105-105]	105	95689
COV	[106-106]	106	93552
COV	[107-107]	107	92344
COV	[108-108]	108	90514
COV	[109-109]	109	88766
COV	[110-110]	110	87453
COV	[111-111]	111	85188
COV	[112-112]	112	83996
COV	[113-113]	113	82037
COV	[114-114]	114	81229
COV	[115-115]	115	79963
COV	[116-116]	116	78430
COV	[117-117]	117	77229
COV	[118-118]	118	75851
COV	[119-119]	119	74382
COV	[120-120]	120	72792
COV	[121-121]	121	72267
COV	[122-122]	122	70411
COV	[123-123]	123	69590
COV	[124-124]	124	67935
COV	[125-125]	125	67271
COV	[126-126]	126	66461
COV	[127-127]	127	65128
COV	[128-128]	128	64467
COV	[129-129]	129	63712
COV	[130-130]	130	62055
COV	[131-131]	131	61509
COV	[132-132]	132	60350
COV	[133-133]	133	59549
COV	[134-134]	134	58145
COV	[135-135]	135	57688
COV	[136-136]	136	57014
COV	[137-137]	137	55946
COV	[138-138]	138	54953
COV	[139-139]	139	54306
COV	[140-140]	140	52955
COV	[141-141]	141	52105
COV	[142-142]	142	51948
COV	[143-143]	143	51285
COV	[144-144]	144	50542
COV	[145-145]	145	50195
COV	[146-146]	146	48426
COV	[147-147]	147	47718
COV	[148-148]	148	47212
COV	[149-149]	149	47136
COV	[150-150]	150	46187
COV	[151-151]	151	45228
COV	[152-152]	152	45109
COV	[153-153]	153	43911
COV	[154-154]	154	43274
COV	[155-155]	155	42902
COV	[156-156]	156	42672
COV	[157-157]	157	41444
COV	[158-158]	158	41566
COV	[159-159]	159	41357
COV	[160-160]	160	40309
COV	[161-161]	161	39967
COV	[162-162]	162	39365
COV	[163-163]	163	38958
COV	[164-164]	164	38142
COV	[165-165]	165	37620
COV	[166-166]	166	37296
COV	[167-167]	167	36719
COV	[168-168]	168	36114
COV	[169-169]	169	35996
COV	[170-170]	170	35533
COV	[171-171]	171	34603
COV	[172-172]	172	34709
COV	[173-173]	173	33769
COV	[174-174]	174	33323
COV	[175-175]	175	32804
COV	[176-176]	176	32496
COV	[177-177]	177	32048
COV	[178-178]	178	32001
COV	[179-179]	179	31377
COV	[180-180]	180	30692
COV	[181-181]	181	30804
COV	[182-182]	182	30199
COV	[183-183]	183	29750
COV	[184-184]	184	29772
COV	[185-185]	185	29181
COV	[186-186]	186	29029
COV	[187-187]	187	28804
COV	[188-188]	188	28096
COV	[189-189]	189	27878
COV	[190-190]	190	27674
COV	[191-191]	191	27131
COV	[192-192]	192	27051
COV	[193-193]	193	26580
COV	[194-194]	194	26433
COV	[195-195]	195	25838
COV	[196-196]	196	25734
COV	[197-197]	197	25824
COV	[198-198]	198	25220
COV	[199-199]	199	24493
COV	[200-200]	200	24633
COV	[201-201]	201	24556
COV	[202-202]	202	24308
COV	[203-203]	203	23567
COV	[204-204]	204	23668
COV	[205-205]	205	23317
COV	[206-206]	206	23170
COV	[207-207]	207	22593
COV	[208-208]	208	22374
COV	[209-209]	209	22248
COV	[210-210]	210	22310
COV	[211-211]	211	21641
COV	[212-212]	212	21793
COV	[213-213]	213	21415
COV	[214-214]	214	21400
COV	[215-215]	215	20993
COV	[216-216]	216	20917
COV	[217-217]	217	20640
COV	[218-218]	218	20404
COV	[219-219]	219	20392
COV	[220-220]	220	19945
COV	[221-221]	221	19995
COV	[222-222]	222	19756
COV	[223-223]	223	19480
COV	[224-224]	224	19488
COV	[225-225]	225	19353
COV	[226-226]	226	19260
COV	[227-227]	227	18705
COV	[228-228]	228	18686
COV	[229-229]	229	18694
COV	[230-230]	230	18463
COV	[231-231]	231	18338
COV	[232-232]	232	18436
COV	[233-233]	233	17950
COV	[234-234]	234	17960
COV	[235-235]	235	17675
COV	[236-236]	236	17423
COV	[237-237]	237	17669
COV	[238-238]	238	17392
COV	[239-239]	239	17190
COV	[240-240]	240	16908
COV	[241-241]	241	17154
COV	[242-242]	242	16580
COV	[243-243]	243	16649
COV	[244-244]	244	16913
COV	[245-245]	245	16363
COV	[246-246]	246	16261
COV	[247-247]	247	16123
COV	[248-248]	248	16261
COV	[249-249]	249	15854
COV	[250-250]	250	15558
COV	[251-251]	251	15860
COV	[252-252]	252	15598
COV	[253-253]	253	15237
COV	[254-254]	254	15307
COV	[255-255]	255	14957
COV	[256-256]	256	14711
COV	[257-257]	257	14833
COV	[258-258]	258	14540
COV	[259-259]	259	14507
COV	[260-260]	260	14327
COV	[261-261]	261	13899
COV	[262-262]	262	13798
COV	[263-263]	263	13838
COV	[264-264]	264	13423
COV	[265-265]	265	13563
COV	[266-266]	266	13268
COV	[267-267]	267	13320
COV	[268-268]	268	13070
COV	[269-269]	269	12958
COV	[270-270]	270	12910
COV	[271-271]	271	12592
COV	[272-272]	272	12509
COV	[273-273]	273	12513
COV	[274-274]	274	12512
COV	[275-275]	275	12248
COV	[276-276]	276	12225
COV	[277-277]	277	12036
COV	[278-278]	278	12095
COV	[279-279]	279	11681
COV	[280-280]	280	11485
COV	[281-281]	281	11270
COV	[282-282]	282	11404
COV	[283-283]	283	11392
COV	[284-284]	284	11355
COV	[285-285]	285	11121
COV	[286-286]	286	11219
COV	[287-287]	287	10964
COV	[288-288]	288	10666
COV	[289-289]	289	10586
COV	[290-290]	290	10801
COV	[291-291]	291	10486
COV	[292-292]	292	10476
COV	[293-293]	293	10414
COV	[294-294]	294	10271
COV	[295-295]	295	10122
COV	[296-296]	296	10111
COV	[297-297]	297	10018
COV	[298-298]	298	9888
COV	[299-299]	299	9968
COV	[300-300]	300	9780
COV	[301-301]	301	9714
COV	[302-302]	302	9656
COV	[303-303]	303	9737
COV	[304-304]	304	9249
COV	[305-305]	305	9577
COV	[306-306]	306	9352
COV	[307-307]	307	9085
COV	[308-308]	308	9218
COV	[309-309]	309	9036
COV	[310-310]	310	9136
COV	[311-311]	311	8855
COV	[312-312]	312	8824
COV	[313-313]	313	8788
COV	[314-314]	314	8635
COV	[315-315]	315	8782
COV	[316-316]	316	8654
COV	[317-317]	317	8497
COV	[318-318]	318	8414
COV	[319-319]	319	8455
COV	[320-320]	320	8284
COV	[321-321]	321	8166
COV	[322-322]	322	8317
COV	[323-323]	323	8142
COV	[324-324]	324	8208
COV	[325-325]	325	8221
COV	[326-326]	326	7976
COV	[327-327]	327	7950
COV	[328-328]	328	7893
COV	[329-329]	329	7915
COV	[330-330]	330	7678
COV	[331-331]	331	7736
COV	[332-332]	332	7594
COV	[333-333]	333	7459
COV	[334-334]	334	7539
COV	[335-335]	335	7440
COV	[336-336]	336	7330
COV	[337-337]	337	7311
COV	[338-338]	338	7234
COV	[339-339]	339	7146
COV	[340-340]	340	7156
COV	[341-341]	341	7203
COV	[342-342]	342	7164
COV	[343-343]	343	6973
COV	[344-344]	344	6985
COV	[345-345]	345	7006
COV	[346-346]	346	6862
COV	[347-347]	347	6841
COV	[348-348]	348	6878
COV	[349-349]	349	6702
COV	[350-350]	350	6800
COV	[351-351]	351	6684
COV	[352-352]	352	6583
COV	[353-353]	353	6585
COV	[354-354]	354	6659
COV	[355-355]	355	6486
COV	[356-356]	356	6548
COV	[357-357]	357	6407
COV	[358-358]	358	6420
COV	[359-359]	359	6475
COV	[360-360]	360	6168
COV	[361-361]	361	6291
COV	[362-362]	362	6229
COV	[363-363]	363	6144
COV	[364-364]	364	6215
COV	[365-365]	365	6159
COV	[366-366]	366	5988
COV	[367-367]	367	6011
COV	[368-368]	368	6061
COV	[369-369]	369	6042
COV	[370-370]	370	5873
COV	[371-371]	371	5887
COV	[372-372]	372	5851
COV	[373-373]	373	5818
COV	[374-374]	374	5778
COV	[375-375]	375	5724
COV	[376-376]	376	5714
COV	[377-377]	377	5727
COV	[378-378]	378	5813
COV	[379-379]	379	5588
COV	[380-380]	380	5536
COV	[381-381]	381	5612
COV	[382-382]	382	5628
COV	[383-383]	383	5612
COV	[384-384]	384	5520
COV	[385-385]	385	5382
COV	[386-386]	386	5162
COV	[387-387]	387	5215
COV	[388-388]	388	5354
COV	[389-389]	389	5155
COV	[390-390]	390	5279
COV	[391-391]	391	5213
COV	[392-392]	392	5263
COV	[393-393]	393	5249
COV	[394-394]	394	5139
COV	[395-395]	395	5136
COV	[396-396]	396	5061
COV	[397-397]	397	5008
COV	[398-398]	398	5025
COV	[399-399]	399	5082
COV	[400-400]	400	4986
COV	[401-401]	401	5042
COV	[402-402]	402	5022
COV	[403-403]	403	4924
COV	[404-404]	404	4912
COV	[405-405]	405	4841
COV	[406-406]	406	4733
COV	[407-407]	407	4789
COV	[408-408]	408	4931
COV	[409-409]	409	4652
COV	[410-410]	410	4745
COV	[411-411]	411	4722
COV	[412-412]	412	4753
COV	[413-413]	413	4648
COV	[414-414]	414	4589
COV	[415-415]	415	4735
COV	[416-416]	416	4534
COV	[417-417]	417	4487
COV	[418-418]	418	4516
COV	[419-419]	419	4601
COV	[420-420]	420	4607
COV	[421-421]	421	4420
COV	[422-422]	422	4484
COV	[423-423]	423	4399
COV	[424-424]	424	4394
COV	[425-425]	425	4351
COV	[426-426]	426	4254
COV	[427-427]	427	4257
COV	[428-428]	428	4264
COV	[429-429]	429	4241
COV	[430-430]	430	4256
COV	[431-431]	431	4167
COV	[432-432]	432	4149
COV	[433-433]	433	4130
COV	[434-434]	434	4098
COV	[435-435]	435	4101
COV	[436-436]	436	3988
COV	[437-437]	437	4065
COV	[438-438]	438	4063
COV	[439-439]	439	4046
COV	[440-440]	440	3993
COV	[441-441]	441	4026
COV	[442-442]	442	4015
COV	[443-443]	443	3984
COV	[444-444]	444	4003
COV	[445-445]	445	3917
COV	[446-446]	446	3841
COV	[447-447]	447	3907
COV	[448-448]	448	3884
COV	[449-449]	449	3769
COV	[450-450]	450	3819
COV	[451-451]	451	3884
COV	[452-452]	452	3839
COV	[453-453]	453	3899
COV	[454-454]	454	3812
COV	[455-455]	455	3676
COV	[456-456]	456	3824
COV	[457-457]	457	3735
COV	[458-458]	458	3661
COV	[459-459]	459	3725
COV	[460-460]	460	3667
COV	[461-461]	461	3749
COV	[462-462]	462	3751
COV	[463-463]	463	3661
COV	[464-464]	464	3547
COV	[465-465]	465	3434
COV	[466-466]	466	3609
COV	[467-467]	467	3604
COV	[468-468]	468	3566
COV	[469-469]	469	3489
COV	[470-470]	470	3450
COV	[471-471]	471	3534
COV	[472-472]	472	3444
COV	[473-473]	473	3450
COV	[474-474]	474	3302
COV	[475-475]	475	3367
COV	[476-476]	476	3329
COV	[477-477]	477	3338
COV	[478-478]	478	3288
COV	[479-479]	479	3278
COV	[480-480]	480	3317
COV	[481-481]	481	3236
COV	[482-482]	482	3313
COV	[483-483]	483	3286
COV	[484-484]	484	3222
COV	[485-485]	485	3158
COV	[486-486]	486	3201
COV	[487-487]	487	3163
COV	[488-488]	488	3119
COV	[489-489]	489	3093
COV	[490-490]	490	3114
COV	[491-491]	491	3095
COV	[492-492]	492	2934
COV	[493-493]	493	3005
COV	[494-494]	494	2959
COV	[495-495]	495	3031
COV	[496-496]	496	3137
COV	[497-497]	497	2988
COV	[498-498]	498	3040
COV	[499-499]	499	2957
COV	[500-500]	500	2939
COV	[501-501]	501	2847
COV	[502-502]	502	2829
COV	[503-503]	503	2856
COV	[504-504]	504	3019
COV	[505-505]	505	2843
COV	[506-506]	506	2841
COV	[507-507]	507	2876
COV	[508-508]	508	2824
COV	[509-509]	509	2857
COV	[510-510]	510	2770
COV	[511-511]	511	2760
COV	[512-512]	512	2807
COV	[513-513]	513	2770
COV	[514-514]	514	2723
COV	[515-515]	515	2759
COV	[516-516]	516	2726
COV	[517-517]	517	2702
COV	[518-518]	518	2613
COV	[519-519]	519	2794
COV	[520-520]	520	2651
COV	[521-521]	521	2649
COV	[522-522]	522	2681
COV	[523-523]	523	2523
COV	[524-524]	524	2623
COV	[525-525]	525	2522
COV	[526-526]	526	2611
COV	[527-527]	527	2553
COV	[528-528]	528	2569
COV	[529-529]	529	2568
COV	[530-530]	530	2613
COV	[531-531]	531	2627
COV	[532-532]	532	2493
COV	[533-533]	533	2417
COV	[534-534]	534	2361
COV	[535-535]	535	2417
COV	[536-536]	536	2452
COV	[537-537]	537	2472
COV	[538-538]	538	2373
COV	[539-539]	539	2431
COV	[540-540]	540	2431
COV	[541-541]	541	2376
COV	[542-542]	542	2290
COV	[543-543]	543	2274
COV	[544-544]	544	2395
COV	[545-545]	545	2303
COV	[546-546]	546	2327
COV	[547-547]	547	2297
COV	[548-548]	548	2309
COV	[549-549]	549	2227
COV	[550-550]	550	2207
COV	[551-551]	551	2178
COV	[552-552]	552	2126
COV	[553-553]	553	2198
COV	[554-554]	554	2263
COV	[555-555]	555	2185
COV	[556-556]	556	2128
COV	[557-557]	557	2133
COV	[558-558]	558	2212
COV	[559-559]	559	2224
COV	[560-560]	560	2198
COV	[561-561]	561	2138
COV	[562-562]	562	2090
COV	[563-563]	563	2100
COV	[564-564]	564	2097
COV	[565-565]	565	2011
COV	[566-566]	566	2019
COV	[567-567]	567	2037
COV	[568-568]	568	2150
COV	[569-569]	569	2092
COV	[570-570]	570	2125
COV	[571-571]	571	2063
COV	[572-572]	572	2044
COV	[573-573]	573	1995
COV	[574-574]	574	1991
COV	[575-575]	575	2041
COV	[576-576]	576	1981
COV	[577-577]	577	1972
COV	[578-578]	578	1992
COV	[579-579]	579	1922
COV	[580-580]	580	1973
COV	[581-581]	581	1969
COV	[582-582]	582	1917
COV	[583-583]	583	1986
COV	[584-584]	584	1935
COV	[585-585]	585	1903
COV	[586-586]	586	1838
COV	[587-587]	587	1928
COV	[588-588]	588	1910
COV	[589-589]	589	1906
COV	[590-590]	590	1846
COV	[591-591]	591	1801
COV	[592-592]	592	1857
COV	[593-593]	593	1904
COV	[594-594]	594	1793
COV	[595-595]	595	1840
COV	[596-596]	596	1784
COV	[597-597]	597	1812
COV	[598-598]	598	1761
COV	[599-599]	599	1771
COV	[600-600]	600	1827
COV	[601-601]	601	1802
COV	[602-602]	602	1764
COV	[603-603]	603	1771
COV	[604-604]	604	1705
COV	[605-605]	605	1716
COV	[606-606]	606	1701
COV	[607-607]	607	1736
COV	[608-608]	608	1705
COV	[609-609]	609	1730
COV	[610-610]	610	1638
COV	[611-611]	611	1678
COV	[612-612]	612	1639
COV	[613-613]	613	1714
COV	[614-614]	614	1704
COV	[615-615]	615	1704
COV	[616-616]	616	1733
COV	[617-617]	617	1706
COV	[618-618]	618	1693
COV	[619-619]	619	1667
COV	[620-620]	620	1714
COV	[621-621]	621	1657
COV	[622-622]	622	1706
COV	[623-623]	623	1597
COV	[624-624]	624	1629
COV	[625-625]	625	1604
COV	[626-626]	626	1610
COV	[627-627]	627	1553
COV	[628-628]	628	1689
COV	[629-629]	629	1678
COV	[630-630]	630	1599
COV	[631-631]	631	1545
COV	[632-632]	632	1609
COV	[633-633]	633	1462
COV	[634-634]	634	1559
COV	[635-635]	635	1502
COV	[636-636]	636	1526
COV	[637-637]	637	1501
COV	[638-638]	638	1471
COV	[639-639]	639	1503
COV	[640-640]	640	1538
COV	[641-641]	641	1466
COV	[642-642]	642	1532
COV	[643-643]	643	1556
COV	[644-644]	644	1462
COV	[645-645]	645	1508
COV	[646-646]	646	1480
COV	[647-647]	647	1429
COV	[648-648]	648	1540
COV	[649-649]	649	1521
COV	[650-650]	650	1427
COV	[651-651]	651	1403
COV	[652-652]	652	1401
COV	[653-653]	653	1388
COV	[654-654]	654	1483
COV	[655-655]	655	1409
COV	[656-656]	656	1423
COV	[657-657]	657	1437
COV	[658-658]	658	1341
COV	[659-659]	659	1448
COV	[660-660]	660	1411
COV	[661-661]	661	1365
COV	[662-662]	662	1308
COV	[663-663]	663	1351
COV	[664-664]	664	1357
COV	[665-665]	665	1340
COV	[666-666]	666	1363
COV	[667-667]	667	1370
COV	[668-668]	668	1314
COV	[669-669]	669	1329
COV	[670-670]	670	1313
COV	[671-671]	671	1309
COV	[672-672]	672	1353
COV	[673-673]	673	1374
COV	[674-674]	674	1318
COV	[675-675]	675	1290
COV	[676-676]	676	1354
COV	[677-677]	677	1275
COV	[678-678]	678	1257
COV	[679-679]	679	1284
COV	[680-680]	680	1269
COV	[681-681]	681	1254
COV	[682-682]	682	1261
COV	[683-683]	683	1296
COV	[684-684]	684	1257
COV	[685-685]	685	1261
COV	[686-686]	686	1221
COV	[687-687]	687	1202
COV	[688-688]	688	1219
COV	[689-689]	689	1175
COV	[690-690]	690	1196
COV	[691-691]	691	1198
COV	[692-692]	692	1215
COV	[693-693]	693	1226
COV	[694-694]	694	1204
COV	[695-695]	695	1166
COV	[696-696]	696	1198
COV	[697-697]	697	1183
COV	[698-698]	698	1183
COV	[699-699]	699	1207
COV	[700-700]	700	1152
COV	[701-701]	701	1131
COV	[702-702]	702	1161
COV	[703-703]	703	1123
COV	[704-704]	704	1106
COV	[705-705]	705	1133
COV	[706-706]	706	1102
COV	[707-707]	707	1102
COV	[708-708]	708	1117
COV	[709-709]	709	1095
COV	[710-710]	710	1134
COV	[711-711]	711	1089
COV	[712-712]	712	1152
COV	[713-713]	713	1102
COV	[714-714]	714	1075
COV	[715-715]	715	1089
COV	[716-716]	716	1117
COV	[717-717]	717	1113
COV	[718-718]	718	1058
COV	[719-719]	719	1105
COV	[720-720]	720	1091
COV	[721-721]	721	1054
COV	[722-722]	722	1036
COV	[723-723]	723	1043
COV	[724-724]	724	1031
COV	[725-725]	725	1102
COV	[726-726]	726	1002
COV	[727-727]	727	1023
COV	[728-728]	728	1041
COV	[729-729]	729	987
COV	[730-730]	730	1033
COV	[731-731]	731	964
COV	[732-732]	732	1052
COV	[733-733]	733	1002
COV	[734-734]	734	974
COV	[735-735]	735	1002
COV	[736-736]	736	993
COV	[737-737]	737	1002
COV	[738-738]	738	1028
COV	[739-739]	739	956
COV	[740-740]	740	969
COV	[741-741]	741	1019
COV	[742-742]	742	933
COV	[743-743]	743	1004
COV	[744-744]	744	903
COV	[745-745]	745	931
COV	[746-746]	746	930
COV	[747-747]	747	902
COV	[748-748]	748	940
COV	[749-749]	749	971
COV	[750-750]	750	950
COV	[751-751]	751	940
COV	[752-752]	752	886
COV	[753-753]	753	935
COV	[754-754]	754	974
COV	[755-755]	755	908
COV	[756-756]	756	963
COV	[757-757]	757	963
COV	[758-758]	758	865
COV	[759-759]	759	857
COV	[760-760]	760	971
COV	[761-761]	761	824
COV	[762-762]	762	918
COV	[763-763]	763	855
COV	[764-764]	764	879
COV	[765-765]	765	857
COV	[766-766]	766	866
COV	[767-767]	767	874
COV	[768-768]	768	899
COV	[769-769]	769	905
COV	[770-770]	770	859
COV	[771-771]	771	846
COV	[772-772]	772	860
COV	[773-773]	773	855
COV	[774-774]	774	849
COV	[775-775]	775	835
COV	[776-776]	776	832
COV	[777-777]	777	832
COV	[778-778]	778	834
COV	[779-779]	779	839
COV	[780-780]	780	812
COV	[781-781]	781	825
COV	[782-782]	782	809
COV	[783-783]	783	816
COV	[784-784]	784	831
COV	[785-785]	785	821
COV	[786-786]	786	819
COV	[787-787]	787	798
COV	[788-788]	788	834
COV	[789-789]	789	814
COV	[790-790]	790	787
COV	[791-791]	791	805
COV	[792-792]	792	813
COV	[793-793]	793	767
COV	[794-794]	794	785
COV	[795-795]	795	794
COV	[796-796]	796	828
COV	[797-797]	797	758
COV	[798-798]	798	816
COV	[799-799]	799	776
COV	[800-800]	800	748
COV	[801-801]	801	747
COV	[802-802]	802	784
COV	[803-803]	803	761
COV	[804-804]	804	705
COV	[805-805]	805	777
COV	[806-806]	806	717
COV	[807-807]	807	752
COV	[808-808]	808	771
COV	[809-809]	809	744
COV	[810-810]	810	746
COV	[811-811]	811	767
COV	[812-812]	812	673
COV	[813-813]	813	717
COV	[814-814]	814	684
COV	[815-815]	815	773
COV	[816-816]	816	719
COV	[817-817]	817	761
COV	[818-818]	818	726
COV	[819-819]	819	701
COV	[820-820]	820	725
COV	[821-821]	821	700
COV	[822-822]	822	681
COV	[823-823]	823	725
COV	[824-824]	824	657
COV	[825-825]	825	684
COV	[826-826]	826	674
COV	[827-827]	827	718
COV	[828-828]	828	738
COV	[829-829]	829	673
COV	[830-830]	830	669
COV	[831-831]	831	671
COV	[832-832]	832	700
COV	[833-833]	833	696
COV	[834-834]	834	674
COV	[835-835]	835	646
COV	[836-836]	836	674
COV	[837-837]	837	709
COV	[838-838]	838	714
COV	[839-839]	839	651
COV	[840-840]	840	661
COV	[841-841]	841	661
COV	[842-842]	842	630
COV	[843-843]	843	647
COV	[844-844]	844	649
COV	[845-845]	845	624
COV	[846-846]	846	611
COV	[847-847]	847	658
COV	[848-848]	848	632
COV	[849-849]	849	612
COV	[850-850]	850	597
COV	[851-851]	851	621
COV	[852-852]	852	625
COV	[853-853]	853	638
COV	[854-854]	854	633
COV	[855-855]	855	641
COV	[856-856]	856	647
COV	[857-857]	857	632
COV	[858-858]	858	644
COV	[859-859]	859	620
COV	[860-860]	860	627
COV	[861-861]	861	575
COV	[862-862]	862	632
COV	[863-863]	863	598
COV	[864-864]	864	587
COV	[865-865]	865	608
COV	[866-866]	866	550
COV	[867-867]	867	594
COV	[868-868]	868	608
COV	[869-869]	869	606
COV	[870-870]	870	569
COV	[871-871]	871	588
COV	[872-872]	872	571
COV	[873-873]	873	590
COV	[874-874]	874	547
COV	[875-875]	875	597
COV	[876-876]	876	607
COV	[877-877]	877	599
COV	[878-878]	878	590
COV	[879-879]	879	587
COV	[880-880]	880	592
COV	[881-881]	881	568
COV	[882-882]	882	592
COV	[883-883]	883	598
COV	[884-884]	884	554
COV	[885-885]	885	552
COV	[886-886]	886	586
COV	[887-887]	887	581
COV	[888-888]	888	550
COV	[889-889]	889	568
COV	[890-890]	890	551
COV	[891-891]	891	563
COV	[892-892]	892	524
COV	[893-893]	893	509
COV	[894-894]	894	579
COV	[895-895]	895	541
COV	[896-896]	896	531
COV	[897-897]	897	555
COV	[898-898]	898	517
COV	[899-899]	899	562
COV	[900-900]	900	575
COV	[901-901]	901	544
COV	[902-902]	902	561
COV	[903-903]	903	549
COV	[904-904]	904	583
COV	[905-905]	905	524
COV	[906-906]	906	527
COV	[907-907]	907	563
COV	[908-908]	908	545
COV	[909-909]	909	565
COV	[910-910]	910	565
COV	[911-911]	911	548
COV	[912-912]	912	590
COV	[913-913]	913	524
COV	[914-914]	914	553
COV	[915-915]	915	516
COV	[916-916]	916	516
COV	[917-917]	917	550
COV	[918-918]	918	537
COV	[919-919]	919	502
COV	[920-920]	920	546
COV	[921-921]	921	550
COV	[922-922]	922	569
COV	[923-923]	923	565
COV	[924-924]	924	478
COV	[925-925]	925	553
COV	[926-926]	926	528
COV	[927-927]	927	504
COV	[928-928]	928	527
COV	[929-929]	929	535
COV	[930-930]	930	490
COV	[931-931]	931	567
COV	[932-932]	932	522
COV	[933-933]	933	556
COV	[934-934]	934	549
COV	[935-935]	935	513
COV	[936-936]	936	541
COV	[937-937]	937	516
COV	[938-938]	938	532
COV	[939-939]	939	552
COV	[940-940]	940	538
COV	[941-941]	941	536
COV	[942-942]	942	497
COV	[943-943]	943	532
COV	[944-944]	944	492
COV	[945-945]	945	493
COV	[946-946]	946	510
COV	[947-947]	947	523
COV	[948-948]	948	537
COV	[949-949]	949	511
COV	[950-950]	950	517
COV	[951-951]	951	476
COV	[952-952]	952	519
COV	[953-953]	953	531
COV	[954-954]	954	501
COV	[955-955]	955	488
COV	[956-956]	956	546
COV	[957-957]	957	502
COV	[958-958]	958	513
COV	[959-959]	959	477
COV	[960-960]	960	469
COV	[961-961]	961	500
COV	[962-962]	962	515
COV	[963-963]	963	483
COV	[964-964]	964	493
COV	[965-965]	965	499
COV	[966-966]	966	526
COV	[967-967]	967	502
COV	[968-968]	968	496
COV	[969-969]	969	523
COV	[970-970]	970	485
COV	[971-971]	971	507
COV	[972-972]	972	478
COV	[973-973]	973	495
COV	[974-974]	974	495
COV	[975-975]	975	455
COV	[976-976]	976	490
COV	[977-977]	977	497
COV	[978-978]	978	478
COV	[979-979]	979	470
COV	[980-980]	980	483
COV	[981-981]	981	494
COV	[982-982]	982	481
COV	[983-983]	983	472
COV	[984-984]	984	494
COV	[985-985]	985	488
COV	[986-986]	986	490
COV	[987-987]	987	458
COV	[988-988]	988	506
COV	[989-989]	989	466
COV	[990-990]	990	467
COV	[991-991]	991	501
COV	[992-992]	992	473
COV	[993-993]	993	457
COV	[994-994]	994	443
COV	[995-995]	995	500
COV	[996-996]	996	441
COV	[997-997]	997	480
COV	[998-998]	998	465
COV	[999-999]	999	458
COV	[1000-1000]	1000	471
COV	[1000<]	1000	230922
# GC-depth. Use `grep ^GCD | cut -f 2-` to extract this part. The columns are: GC%, unique sequence percentiles, 10th, 25th, 50th, 75th and 90th depth percentile
GCD	0.0	0.315	0.002	0.002	0.002	0.002	0.002
GCD	1.0	0.317	0.005	0.005	0.005	0.005	0.005
GCD	2.0	0.326	0.002	0.002	0.002	0.002	0.005
GCD	3.0	0.330	0.005	0.005	0.005	0.040	0.040
GCD	4.0	0.337	0.002	0.002	0.002	0.002	0.002
GCD	5.0	0.342	0.007	0.012	0.039	0.225	0.282
GCD	6.0	0.353	0.002	0.002	0.002	0.002	0.005
GCD	7.0	0.354	0.002	0.002	0.002	0.002	0.002
GCD	8.0	0.368	0.002	0.002	0.002	0.005	0.021
GCD	9.0	0.375	0.005	0.005	0.015	0.131	0.228
GCD	10.0	0.388	0.002	0.002	0.002	0.030	0.526
GCD	11.0	0.395	0.005	0.007	0.015	0.136	0.155
GCD	12.0	0.425	0.002	0.002	0.002	0.002	0.025
GCD	13.0	0.426	0.015	0.015	0.015	0.015	0.015
GCD	14.0	0.454	0.002	0.002	0.002	0.036	0.204
GCD	15.0	0.465	0.005	0.009	0.032	0.305	1.395
GCD	16.0	0.492	0.002	0.002	0.007	0.031	0.290
GCD	17.0	0.513	0.005	0.005	0.029	0.259	1.285
GCD	18.0	0.545	0.002	0.002	0.005	0.074	0.630
GCD	19.0	0.574	0.005	0.005	0.014	0.301	0.955
GCD	20.0	0.627	0.002	0.002	0.007	0.076	0.339
GCD	21.0	0.668	0.005	0.005	0.025	0.264	0.638
GCD	22.0	0.777	0.002	0.005	0.010	0.062	0.435
GCD	23.0	0.848	0.005	0.005	0.013	0.317	1.286
GCD	24.0	0.994	0.002	0.005	0.015	0.382	1.554
GCD	25.0	1.261	0.005	0.005	0.010	0.333	1.233
GCD	26.0	1.489	0.005	0.010	0.155	0.729	2.503
GCD	27.0	1.901	0.002	0.005	0.032	0.570	1.972
GCD	28.0	2.331	0.005	0.013	0.280	1.209	3.244
GCD	29.0	2.980	0.005	0.007	0.179	1.187	4.087
GCD	30.0	3.722	0.005	0.013	0.315	1.697	3.967
GCD	31.0	4.801	0.005	0.010	0.200	1.357	4.760
GCD	32.0	6.105	0.005	0.023	0.370	1.857	5.560
GCD	33.0	7.989	0.005	0.013	0.244	1.878	5.649
GCD	34.0	10.071	0.005	0.023	0.373	2.188	6.610
GCD	35.0	12.809	0.005	0.018	0.280	2.065	7.298
GCD	36.0	16.226	0.010	0.025	0.198	1.817	6.110
GCD	37.0	20.179	0.005	0.020	0.127	1.648	6.787
GCD	38.0	24.813	0.010	0.025	0.157	1.871	7.466
GCD	39.0	30.162	0.005	0.023	0.102	1.227	6.448
GCD	40.0	35.556	0.010	0.025	0.125	1.536	7.004
GCD	41.0	41.479	0.005	0.020	0.090	1.263	6.935
GCD	42.0	47.361	0.010	0.023	0.095	1.256	6.499
GCD	43.0	53.108	0.007	0.020	0.087	1.140	6.299
GCD	44.0	58.802	0.010	0.023	0.093	1.246	7.167
GCD	45.0	64.564	0.007	0.020	0.085	1.178	7.395
GCD	46.0	69.640	0.007	0.023	0.093	1.084	7.126
GCD	47.0	74.229	0.005	0.020	0.085	1.117	7.580
GCD	48.0	78.456	0.007	0.020	0.087	1.365	8.300
GCD	49.0	82.341	0.005	0.013	0.085	1.079	8.018
GCD	50.0	85.563	0.005	0.015	0.105	1.500	9.194
GCD	51.0	88.461	0.002	0.010	0.070	1.155	7.778
GCD	52.0	90.633	0.005	0.015	0.153	1.859	8.188
GCD	53.0	92.591	0.002	0.010	0.112	1.617	7.688
GCD	54.0	93.984	0.005	0.017	0.271	2.349	10.879
GCD	55.0	95.229	0.002	0.007	0.165	1.900	8.691
GCD	56.0	96.154	0.005	0.020	0.363	1.692	5.659
GCD	57.0	96.946	0.002	0.010	0.355	1.836	6.023
GCD	58.0	97.519	0.005	0.030	0.407	1.505	5.854
GCD	59.0	97.979	0.002	0.025	0.403	1.578	6.172
GCD	60.0	98.342	0.005	0.066	0.417	1.895	5.561
GCD	61.0	98.704	0.002	0.006	0.317	1.292	3.743
GCD	62.0	98.930	0.010	0.110	0.480	1.690	3.794
GCD	63.0	99.166	0.002	0.030	0.400	1.410	3.628
GCD	64.0	99.337	0.005	0.083	0.538	1.289	3.240
GCD	65.0	99.504	0.002	0.011	0.412	1.548	4.170
GCD	66.0	99.629	0.010	0.190	0.533	1.314	4.644
GCD	67.0	99.749	0.002	0.015	0.403	1.090	3.015
GCD	68.0	99.818	0.005	0.034	0.582	1.826	6.305
GCD	69.0	99.876	0.002	0.010	0.595	1.649	5.162
GCD	70.0	99.908	0.005	0.192	0.700	1.284	3.461
GCD	71.0	99.932	0.005	0.007	0.689	1.941	3.388
GCD	72.0	99.947	0.007	0.063	0.401	2.794	7.321
GCD	73.0	99.964	0.002	0.005	0.275	0.780	1.758
GCD	74.0	99.972	0.190	0.220	0.305	1.054	2.005
GCD	75.0	99.977	0.005	0.007	0.201	0.882	1.048
GCD	76.0	99.982	0.007	0.138	0.966	2.451	2.800
GCD	77.0	99.984	0.010	0.010	0.025	0.040	0.040
GCD	78.0	99.988	0.002	0.002	0.002	0.002	0.002
GCD	80.0	99.990	0.005	0.005	0.005	0.005	0.005
GCD	81.0	99.991	2.443	2.443	2.443	2.443	2.443
GCD	82.0	99.994	0.002	0.002	0.015	0.027	0.027
GCD	84.0	99.995	1.630	1.630	1.630	1.630	1.630
GCD	95.0	99.996	0.005	0.005	0.005	0.005	0.005
GCD	98.0	99.997	0.002	0.002	0.002	0.002	0.002
GCD	100.0	100.000	0.002	0.002	0.004	0.005	0.005
